time,x,y,z,qx,qy,qz,qw,alpha,tank_energy,passivity_lambda,passivity_power,autonomy_wrench_norm
0.000000,0.515833,-0.317905,0.545066,0.808668,-0.587237,0.029864,-0.017789,0.000000,2.000000,1.000000,0.000000,0.000000
0.005000,0.515833,-0.317905,0.545066,0.808668,-0.587237,0.029864,-0.017789,0.000000,2.000000,1.000000,0.000000,0.000000
0.010000,0.515833,-0.317905,0.545066,0.808668,-0.587237,0.029864,-0.017789,0.000000,2.000000,1.000000,0.000000,0.000000
0.015000,0.515833,-0.317905,0.545066,0.808668,-0.587237,0.029864,-0.017789,0.000000,2.000000,1.000000,0.000000,0.000000
0.020000,0.515833,-0.317905,0.545066,0.808668,-0.587237,0.029864,-0.017789,0.000000,2.000000,1.000000,0.000000,0.000000
0.025000,0.515834,-0.317905,0.545066,0.808668,-0.587237,0.029864,-0.017789,0.000000,2.000000,1.000000,0.000000,0.000000
0.030000,0.515834,-0.317905,0.545066,0.808668,-0.587237,0.029864,-0.017789,0.000000,2.000000,1.000000,0.000000,0.000000
0.035000,0.515834,-0.317904,0.545066,0.808668,-0.587237,0.029864,-0.017789,0.000000,2.000000,1.000000,0.000000,0.000000
0.040000,0.515834,-0.317904,0.545066,0.808668,-0.587237,0.029864,-0.017790,0.000000,2.000000,1.000000,0.000000,0.000000
0.045000,0.515834,-0.317904,0.545066,0.808668,-0.587237,0.029864,-0.017790,0.000000,2.000000,1.000000,0.000000,0.000000
0.050000,0.515834,-0.317904,0.545066,0.808668,-0.587237,0.029864,-0.017790,0.000000,2.000000,1.000000,0.000000,0.000000
0.055000,0.515834,-0.317904,0.545066,0.808668,-0.587237,0.029864,-0.017790,0.000000,2.000000,1.000000,0.000000,0.000000
0.060000,0.515834,-0.317904,0.545066,0.808668,-0.587237,0.029864,-0.017791,0.000000,2.000000,1.000000,0.000000,0.000000
0.065000,0.515834,-0.317904,0.545066,0.808668,-0.587237,0.029863,-0.017791,0.000000,2.000000,1.000000,0.000000,0.000000
0.070000,0.515834,-0.317903,0.545065,0.808668,-0.587237,0.029863,-0.017792,0.000000,2.000000,1.000000,0.000000,0.000000
0.075000,0.515835,-0.317903,0.545065,0.808668,-0.587237,0.029863,-0.017792,0.000000,2.000000,1.000000,0.000000,0.000000
0.080000,0.515835,-0.317903,0.545065,0.808668,-0.587237,0.029863,-0.017792,0.000000,2.000000,1.000000,0.000000,0.000000
0.085000,0.515835,-0.317903,0.545065,0.808668,-0.587237,0.029863,-0.017793,0.000000,2.000000,1.000000,0.000000,0.000000
0.090000,0.515835,-0.317903,0.545065,0.808668,-0.587237,0.029863,-0.017793,0.000000,2.000000,1.000000,0.000000,0.000000
0.095000,0.515835,-0.317902,0.545065,0.808668,-0.587237,0.029863,-0.017794,0.000000,2.000000,1.000000,0.000000,0.000000
0.100000,0.515835,-0.317902,0.545065,0.808668,-0.587237,0.029863,-0.017794,0.000000,2.000000,1.000000,0.000000,0.000000
0.105000,0.515836,-0.317902,0.545065,0.808668,-0.587237,0.029863,-0.017795,0.000000,2.000000,1.000000,0.000000,0.000000
0.110000,0.515836,-0.317902,0.545065,0.808668,-0.587237,0.029863,-0.017795,0.000000,2.000000,1.000000,0.000000,0.000000
0.115000,0.515836,-0.317901,0.545065,0.808668,-0.587238,0.029863,-0.017796,0.000000,2.000000,1.000000,0.000000,0.000000
0.120000,0.515836,-0.317901,0.545065,0.808668,-0.587238,0.029863,-0.017797,0.000000,2.000000,1.000000,0.000000,0.000000
0.125000,0.515836,-0.317901,0.545065,0.808668,-0.587238,0.029863,-0.017797,0.000000,2.000000,1.000000,0.000000,0.000000
0.130000,0.515836,-0.317901,0.545064,0.808668,-0.587238,0.029863,-0.017798,0.000000,2.000000,1.000000,0.000000,0.000000
0.135000,0.515836,-0.317901,0.545064,0.808667,-0.587238,0.029863,-0.017798,0.000000,2.000000,1.000000,0.000000,0.000000
0.140000,0.515837,-0.317900,0.545064,0.808667,-0.587238,0.029863,-0.017799,0.000000,2.000000,1.000000,0.000000,0.000000
0.145000,0.515837,-0.317900,0.545064,0.808667,-0.587238,0.029863,-0.017799,0.000000,2.000000,1.000000,0.000000,0.000000
0.150000,0.515837,-0.317900,0.545064,0.808667,-0.587239,0.029863,-0.017800,0.000000,2.000000,1.000000,0.000000,0.000000
0.155000,0.515837,-0.317900,0.545064,0.808667,-0.587239,0.029862,-0.017800,0.000000,2.000000,1.000000,0.000000,0.000000
0.160000,0.515837,-0.317900,0.545064,0.808667,-0.587239,0.029862,-0.017801,0.000000,2.000000,1.000000,0.000000,0.000000
0.165000,0.515837,-0.317900,0.545064,0.808666,-0.587239,0.029862,-0.017801,0.000000,2.000000,1.000000,0.000000,0.000000
0.170000,0.515837,-0.317900,0.545064,0.808666,-0.587240,0.029862,-0.017802,0.000000,2.000000,1.000000,0.000000,0.000000
0.175000,0.515837,-0.317900,0.545064,0.808666,-0.587240,0.029862,-0.017802,0.000000,2.000000,1.000000,0.000000,0.000000
0.180000,0.515836,-0.317900,0.545064,0.808666,-0.587241,0.029862,-0.017802,0.000000,2.000000,1.000000,0.000000,0.000000
0.185000,0.515836,-0.317901,0.545064,0.808665,-0.587241,0.029862,-0.017803,0.000000,2.000000,1.000000,0.000000,0.000000
0.190000,0.515836,-0.317901,0.545064,0.808665,-0.587242,0.029862,-0.017803,0.000000,2.000000,1.000000,0.000000,0.000000
0.195000,0.515836,-0.317901,0.545064,0.808664,-0.587242,0.029862,-0.017804,0.000000,2.000000,1.000000,0.000000,0.000000
0.200000,0.515836,-0.317901,0.545064,0.808664,-0.587243,0.029862,-0.017804,0.000000,2.000000,1.000000,0.000000,0.000000
0.205000,0.515835,-0.317902,0.545064,0.808663,-0.587243,0.029862,-0.017804,0.000000,2.000000,1.000000,0.000000,0.000000
0.210000,0.515835,-0.317902,0.545064,0.808663,-0.587244,0.029862,-0.017805,0.000000,2.000000,1.000000,0.000000,0.000000
0.215000,0.515835,-0.317902,0.545064,0.808662,-0.587245,0.029862,-0.017805,0.000000,2.000000,1.000000,0.000000,0.000000
0.220000,0.515834,-0.317903,0.545064,0.808662,-0.587246,0.029862,-0.017805,0.000000,2.000000,1.000000,0.000000,0.000000
0.225000,0.515834,-0.317904,0.545064,0.808661,-0.587247,0.029862,-0.017806,0.000000,2.000000,1.000000,0.000000,0.000000
0.230000,0.515833,-0.317904,0.545064,0.808660,-0.587248,0.029862,-0.017806,0.000000,2.000000,1.000000,0.000000,0.000000
0.235000,0.515833,-0.317905,0.545064,0.808660,-0.587249,0.029862,-0.017806,0.000000,2.000000,1.000000,0.000000,0.000000
0.240000,0.515832,-0.317906,0.545064,0.808659,-0.587250,0.029862,-0.017806,0.000000,2.000000,1.000000,0.000000,0.000000
0.245000,0.515831,-0.317907,0.545064,0.808658,-0.587251,0.029862,-0.017807,0.000000,2.000000,1.000000,0.000000,0.000000
0.250000,0.515830,-0.317908,0.545064,0.808657,-0.587252,0.029862,-0.017807,0.000000,2.000000,1.000000,0.000000,0.000000
0.255000,0.515829,-0.317909,0.545064,0.808656,-0.587254,0.029863,-0.017807,0.000000,2.000000,1.000000,0.000000,0.000000
0.260000,0.515828,-0.317910,0.545064,0.808655,-0.587255,0.029863,-0.017807,0.000000,2.000000,1.000000,0.000000,0.000000
0.265000,0.515827,-0.317911,0.545064,0.808654,-0.587257,0.029863,-0.017807,0.000000,2.000000,1.000000,0.000000,0.000000
0.270000,0.515826,-0.317913,0.545064,0.808652,-0.587259,0.029863,-0.017807,0.000000,2.000000,1.000000,0.000000,0.000000
0.275000,0.515825,-0.317914,0.545065,0.808651,-0.587261,0.029863,-0.017807,0.000000,2.000000,1.000000,0.000000,0.000000
0.280000,0.515823,-0.317916,0.545065,0.808649,-0.587263,0.029863,-0.017807,0.000000,2.000000,1.000000,0.000000,0.000000
0.285000,0.515822,-0.317918,0.545065,0.808648,-0.587265,0.029864,-0.017807,0.000000,2.000000,1.000000,0.000000,0.000000
0.290000,0.515820,-0.317920,0.545065,0.808646,-0.587267,0.029864,-0.017807,0.000000,2.000000,1.000000,0.000000,0.000000
0.295000,0.515818,-0.317922,0.545066,0.808644,-0.587270,0.029864,-0.017806,0.000000,2.000000,1.000000,0.000000,0.000000
0.300000,0.515816,-0.317924,0.545066,0.808642,-0.587273,0.029864,-0.017806,0.000000,2.000000,1.000000,0.000000,0.000000
0.305000,0.515814,-0.317927,0.545066,0.808640,-0.587276,0.029865,-0.017806,0.000000,2.000000,1.000000,0.000000,0.000000
0.310000,0.515812,-0.317930,0.545067,0.808638,-0.587279,0.029865,-0.017805,0.000000,2.000000,1.000000,0.000000,0.000000
0.315000,0.515809,-0.317933,0.545067,0.808635,-0.587282,0.029865,-0.017805,0.000000,2.000000,1.000000,0.000000,0.000000
0.320000,0.515807,-0.317936,0.545068,0.808632,-0.587286,0.029866,-0.017804,0.000000,2.000000,1.000000,0.000000,0.000000
0.325000,0.515804,-0.317940,0.545068,0.808629,-0.587290,0.029866,-0.017803,0.000000,2.000000,1.000000,0.000000,0.000000
0.330000,0.515801,-0.317944,0.545069,0.808626,-0.587294,0.029867,-0.017802,0.000000,2.000000,1.000000,0.000000,0.000000
0.335000,0.515797,-0.317948,0.545069,0.808623,-0.587299,0.029867,-0.017802,0.000000,2.000000,1.000000,0.000000,0.000000
0.340000,0.515794,-0.317952,0.545070,0.808620,-0.587303,0.029868,-0.017801,0.000000,2.000000,1.000000,0.000000,0.000000
0.345000,0.515790,-0.317957,0.545071,0.808616,-0.587309,0.029868,-0.017800,0.000000,2.000000,1.000000,0.000000,0.000000
0.350000,0.515786,-0.317962,0.545071,0.808612,-0.587314,0.029869,-0.017798,0.000000,2.000000,1.000000,0.000000,0.000000
0.355000,0.515781,-0.317967,0.545072,0.808608,-0.587320,0.029869,-0.017797,0.000000,2.000000,1.000000,0.000000,0.000000
0.360000,0.515776,-0.317974,0.545073,0.808603,-0.587327,0.029870,-0.017796,0.000000,2.000000,1.000000,0.000000,0.000000
0.365000,0.515771,-0.317981,0.545074,0.808598,-0.587334,0.029871,-0.017794,0.000000,2.000000,1.000000,0.000000,0.000000
0.370000,0.515765,-0.317988,0.545075,0.808592,-0.587342,0.029872,-0.017792,0.000000,2.000000,1.000000,0.000000,0.000000
0.375000,0.515758,-0.317997,0.545076,0.808586,-0.587350,0.029873,-0.017790,0.000000,2.000000,1.000000,0.000000,0.000000
0.380000,0.515751,-0.318007,0.545077,0.808579,-0.587360,0.029874,-0.017788,0.000000,2.000000,1.000000,0.000000,0.000000
0.385000,0.515743,-0.318018,0.545078,0.808571,-0.587370,0.029875,-0.017786,0.000000,2.000000,1.000000,0.000000,0.000000
0.390000,0.515734,-0.318031,0.545079,0.808563,-0.587382,0.029876,-0.017783,0.000000,2.000000,1.000000,0.000000,0.000000
0.395000,0.515723,-0.318045,0.545081,0.808553,-0.587395,0.029877,-0.017781,0.000000,2.000000,1.000000,0.000000,0.000000
0.400000,0.515712,-0.318061,0.545082,0.808542,-0.587410,0.029878,-0.017778,0.000000,2.000000,1.000000,0.000000,0.000000
0.405000,0.515699,-0.318079,0.545083,0.808531,-0.587426,0.029879,-0.017774,0.000000,2.000000,1.000000,0.000000,0.000000
0.410000,0.515685,-0.318100,0.545085,0.808518,-0.587444,0.029881,-0.017771,0.000000,2.000000,1.000000,0.000000,0.000000
0.415000,0.515670,-0.318122,0.545086,0.808503,-0.587464,0.029882,-0.017767,0.000000,2.000000,1.000000,0.000000,0.000000
0.420000,0.515653,-0.318147,0.545088,0.808487,-0.587486,0.029884,-0.017763,0.000000,2.000000,1.000000,0.000000,0.000000
0.425000,0.515634,-0.318176,0.545090,0.808470,-0.587510,0.029886,-0.017759,0.000000,2.000000,1.000000,0.000000,0.000000
0.430000,0.515613,-0.318207,0.545091,0.808450,-0.587537,0.029888,-0.017754,0.000000,2.000000,1.000000,0.000000,0.000000
0.435000,0.515590,-0.318242,0.545093,0.808429,-0.587566,0.029890,-0.017748,0.000000,2.000000,1.000000,0.000000,0.000000
0.440000,0.515564,-0.318280,0.545095,0.808406,-0.587598,0.029892,-0.017743,0.000000,2.000000,1.000000,0.000000,0.000000
0.445000,0.515536,-0.318322,0.545098,0.808380,-0.587633,0.029894,-0.017737,0.000000,2.000000,1.000000,0.000000,0.000000
0.450000,0.515506,-0.318368,0.545100,0.808353,-0.587672,0.029897,-0.017730,0.000000,2.000000,1.000000,0.000000,0.000000
0.455000,0.515473,-0.318418,0.545103,0.808322,-0.587714,0.029900,-0.017723,0.000000,2.000000,1.000000,0.000000,0.000000
0.460000,0.515436,-0.318474,0.545106,0.808289,-0.587759,0.029904,-0.017715,0.000000,2.000000,1.000000,0.000000,0.000000
0.465000,0.515396,-0.318534,0.545110,0.808253,-0.587809,0.029908,-0.017706,0.000000,2.000000,1.000000,0.000000,0.000000
0.470000,0.515352,-0.318600,0.545114,0.808213,-0.587864,0.029911,-0.017695,0.000000,2.000000,1.000000,0.000000,0.000000
0.475000,0.515303,-0.318672,0.545119,0.808170,-0.587924,0.029915,-0.017683,0.000000,2.000000,1.000000,0.000000,0.000000
0.480000,0.515250,-0.318750,0.545124,0.808123,-0.587989,0.029918,-0.017667,0.000000,2.000000,1.000000,0.000000,0.000000
0.485000,0.515192,-0.318836,0.545130,0.808071,-0.588059,0.029922,-0.017649,0.000000,2.000000,1.000000,0.000000,0.000000
0.490000,0.515128,-0.318928,0.545136,0.808016,-0.588137,0.029925,-0.017626,0.000000,2.000000,1.000000,0.000000,0.000000
0.495000,0.515058,-0.319029,0.545144,0.807955,-0.588220,0.029928,-0.017599,0.000000,2.000000,1.000000,0.000000,0.000000
0.500000,0.514983,-0.319138,0.545152,0.807890,-0.588311,0.029932,-0.017568,0.000000,2.000000,1.000000,0.000000,0.000000
0.505000,0.514901,-0.319255,0.545160,0.807819,-0.588408,0.029936,-0.017534,0.000000,2.000000,1.000000,0.000000,0.000000
0.510000,0.514814,-0.319381,0.545170,0.807744,-0.588513,0.029941,-0.017496,0.000000,2.000000,1.000000,0.000000,0.000000
0.515000,0.514721,-0.319516,0.545180,0.807664,-0.588624,0.029947,-0.017455,0.000000,2.000000,1.000000,0.000000,0.000000
0.520000,0.514621,-0.319660,0.545191,0.807578,-0.588742,0.029953,-0.017411,0.000000,2.000000,1.000000,0.000000,0.000000
0.525000,0.514516,-0.319813,0.545202,0.807488,-0.588867,0.029960,-0.017365,0.000000,2.000000,1.000000,0.000000,0.000000
0.530000,0.514404,-0.319977,0.545214,0.807391,-0.589000,0.029967,-0.017317,0.000000,2.000000,1.000000,0.000000,0.000000
0.535000,0.514286,-0.320150,0.545226,0.807290,-0.589141,0.029975,-0.017267,0.000000,2.000000,1.000000,0.000000,0.000000
0.540000,0.514161,-0.320333,0.545238,0.807182,-0.589289,0.029983,-0.017216,0.000000,2.000000,1.000000,0.000000,0.000000
0.545000,0.514030,-0.320526,0.545251,0.807070,-0.589444,0.029992,-0.017164,0.000000,2.000000,1.000000,0.000000,0.000000
0.550000,0.513892,-0.320730,0.545264,0.806951,-0.589607,0.030001,-0.017110,0.000000,2.000000,1.000000,0.000000,0.000000
0.555000,0.513747,-0.320944,0.545276,0.806827,-0.589779,0.030011,-0.017056,0.000000,2.000000,1.000000,0.000000,0.000000
0.560000,0.513596,-0.321170,0.545289,0.806696,-0.589958,0.030022,-0.017001,0.000000,2.000000,1.000000,0.000000,0.000000
0.565000,0.513436,-0.321408,0.545302,0.806559,-0.590147,0.030032,-0.016945,0.000000,2.000000,1.000000,0.000000,0.000000
0.570000,0.513270,-0.321657,0.545315,0.806416,-0.590343,0.030044,-0.016888,0.000000,2.000000,1.000000,0.000000,0.000000
0.575000,0.513097,-0.321918,0.545328,0.806267,-0.590549,0.030055,-0.016831,0.000000,2.000000,1.000000,0.000000,0.000000
0.580000,0.512916,-0.322191,0.545340,0.806111,-0.590762,0.030067,-0.016775,0.000000,2.000000,1.000000,0.000000,0.000000
0.585000,0.512727,-0.322476,0.545352,0.805949,-0.590983,0.030079,-0.016721,0.000000,2.000000,1.000000,0.000000,0.000000
0.590000,0.512532,-0.322774,0.545363,0.805781,-0.591213,0.030091,-0.016667,0.000000,2.000000,1.000000,0.000000,0.000000
0.595000,0.512328,-0.323084,0.545375,0.805607,-0.591452,0.030104,-0.016614,0.000000,2.000000,1.000000,0.000000,0.000000
0.600000,0.512116,-0.323408,0.545386,0.805425,-0.591700,0.030116,-0.016562,0.000000,2.000000,1.000000,0.000000,0.000000
0.605000,0.511895,-0.323745,0.545397,0.805237,-0.591957,0.030130,-0.016512,0.000000,2.000000,1.000000,0.000000,0.000000
0.610000,0.511666,-0.324095,0.545409,0.805042,-0.592223,0.030143,-0.016463,0.000000,2.000000,1.000000,0.000000,0.000000
0.615000,0.511428,-0.324459,0.545420,0.804839,-0.592499,0.030158,-0.016416,0.000000,2.000000,1.000000,0.000000,0.000000
0.620000,0.511180,-0.324836,0.545433,0.804630,-0.592784,0.030173,-0.016371,0.000000,2.000000,1.000000,0.000000,0.000000
0.625000,0.510924,-0.325226,0.545446,0.804413,-0.593079,0.030188,-0.016328,0.000000,2.000000,1.000000,0.000000,0.000000
0.630000,0.510657,-0.325630,0.545459,0.804188,-0.593384,0.030204,-0.016287,0.000000,2.000000,1.000000,0.000000,0.000000
0.635000,0.510381,-0.326049,0.545473,0.803956,-0.593698,0.030221,-0.016250,0.000000,2.000000,1.000000,0.000000,0.000000
0.640000,0.510095,-0.326481,0.545488,0.803716,-0.594022,0.030239,-0.016215,0.000000,2.000000,1.000000,0.000000,0.000000
0.645000,0.509800,-0.326926,0.545503,0.803469,-0.594357,0.030258,-0.016183,0.000000,2.000000,1.000000,0.000000,0.000000
0.650000,0.509494,-0.327386,0.545520,0.803215,-0.594700,0.030277,-0.016155,0.000000,2.000000,1.000000,0.000000,0.000000
0.655000,0.509178,-0.327859,0.545537,0.802952,-0.595054,0.030297,-0.016131,0.000000,2.000000,1.000000,0.000000,0.000000
0.660000,0.508852,-0.328347,0.545555,0.802683,-0.595417,0.030317,-0.016110,0.000000,2.000000,1.000000,0.000000,0.000000
0.665000,0.508515,-0.328848,0.545573,0.802406,-0.595790,0.030338,-0.016094,0.000000,2.000000,1.000000,0.000000,0.000000
0.670000,0.508169,-0.329362,0.545592,0.802122,-0.596171,0.030358,-0.016082,0.000000,2.000000,1.000000,0.000000,0.000000
0.675000,0.507813,-0.329891,0.545611,0.801833,-0.596559,0.030379,-0.016075,0.000000,2.000000,1.000000,0.000000,0.000000
0.680000,0.507448,-0.330433,0.545631,0.801541,-0.596951,0.030399,-0.016073,0.000000,2.000000,1.000000,0.000000,0.000000
0.685000,0.507072,-0.330989,0.545651,0.801247,-0.597343,0.030419,-0.016076,0.000000,2.000000,1.000000,0.000000,0.000000
0.690000,0.506685,-0.331559,0.545671,0.800954,-0.597736,0.030438,-0.016082,0.000000,2.000000,1.000000,0.000000,0.000000
0.695000,0.506288,-0.332144,0.545691,0.800661,-0.598127,0.030456,-0.016091,0.000000,2.000000,1.000000,0.000000,0.000000
0.700000,0.505879,-0.332744,0.545711,0.800369,-0.598517,0.030473,-0.016103,0.000000,2.000000,1.000000,0.000000,0.000000
0.705000,0.505458,-0.333358,0.545731,0.800078,-0.598904,0.030488,-0.016119,0.000000,2.000000,1.000000,0.000000,0.000000
0.710000,0.505025,-0.333988,0.545751,0.799789,-0.599288,0.030502,-0.016137,0.000000,2.000000,1.000000,0.000000,0.000000
0.715000,0.504580,-0.334632,0.545770,0.799502,-0.599670,0.030514,-0.016159,0.000000,2.000000,1.000000,0.000000,0.000000
0.720000,0.504123,-0.335292,0.545789,0.799217,-0.600049,0.030525,-0.016185,0.000000,2.000000,1.000000,0.000000,0.000000
0.725000,0.503653,-0.335966,0.545808,0.798934,-0.600425,0.030533,-0.016214,0.000000,2.000000,1.000000,0.000000,0.000000
0.730000,0.503171,-0.336656,0.545826,0.798652,-0.600798,0.030540,-0.016247,0.000000,2.000000,1.000000,0.000000,0.000000
0.735000,0.502675,-0.337361,0.545843,0.798372,-0.601168,0.030544,-0.016284,0.000000,2.000000,1.000000,0.000000,0.000000
0.740000,0.502167,-0.338081,0.545859,0.798095,-0.601536,0.030546,-0.016325,0.000000,2.000000,1.000000,0.000000,0.000000
0.745000,0.501646,-0.338816,0.545875,0.797819,-0.601900,0.030546,-0.016371,0.000000,2.000000,1.000000,0.000000,0.000000
0.750000,0.501112,-0.339565,0.545889,0.797545,-0.602262,0.030544,-0.016423,0.000000,2.000000,1.000000,0.000000,0.000000
0.755000,0.500566,-0.340330,0.545903,0.797273,-0.602620,0.030540,-0.016480,0.000000,2.000000,1.000000,0.000000,0.000000
0.760000,0.500006,-0.341108,0.545915,0.797003,-0.602976,0.030534,-0.016542,0.000000,2.000000,1.000000,0.000000,0.000000
0.765000,0.499433,-0.341901,0.545926,0.796734,-0.603330,0.030525,-0.016610,0.000000,2.000000,1.000000,0.000000,0.000000
0.770000,0.498847,-0.342709,0.545936,0.796468,-0.603680,0.030514,-0.016684,0.000000,2.000000,1.000000,0.000000,0.000000
0.775000,0.498249,-0.343530,0.545945,0.796203,-0.604028,0.030501,-0.016764,0.000000,2.000000,1.000000,0.000000,0.000000
0.780000,0.497637,-0.344365,0.545952,0.795939,-0.604374,0.030486,-0.016850,0.000000,2.000000,1.000000,0.000000,0.000000
0.785000,0.497013,-0.345214,0.545958,0.795678,-0.604716,0.030469,-0.016943,0.000000,2.000000,1.000000,0.000000,0.000000
0.790000,0.496377,-0.346076,0.545963,0.795418,-0.605056,0.030450,-0.017043,0.000000,2.000000,1.000000,0.000000,0.000000
0.795000,0.495729,-0.346952,0.545967,0.795160,-0.605393,0.030430,-0.017150,0.000000,2.000000,1.000000,0.000000,0.000000
0.800000,0.495068,-0.347841,0.545969,0.794903,-0.605728,0.030409,-0.017263,0.000000,2.000000,1.000000,0.000000,0.000000
0.805000,0.494395,-0.348742,0.545970,0.794649,-0.606059,0.030386,-0.017384,0.000000,2.000000,1.000000,0.000000,0.000000
0.810000,0.493711,-0.349657,0.545969,0.794396,-0.606388,0.030363,-0.017512,0.000000,2.000000,1.000000,0.000000,0.000000
0.815000,0.493015,-0.350583,0.545967,0.794145,-0.606714,0.030338,-0.017647,0.000000,2.000000,1.000000,0.000000,0.000000
0.820000,0.492307,-0.351521,0.545964,0.793895,-0.607038,0.030313,-0.017789,0.000000,2.000000,1.000000,0.000000,0.000000
0.825000,0.491589,-0.352471,0.545960,0.793648,-0.607358,0.030287,-0.017940,0.000000,2.000000,1.000000,0.000000,0.000000
0.830000,0.490860,-0.353431,0.545954,0.793403,-0.607675,0.030260,-0.018098,0.000000,2.000000,1.000000,0.000000,0.000000
0.835000,0.490121,-0.354403,0.545947,0.793159,-0.607990,0.030232,-0.018264,0.000000,2.000000,1.000000,0.000000,0.000000
0.840000,0.489371,-0.355385,0.545938,0.792917,-0.608301,0.030204,-0.018438,0.000000,2.000000,1.000000,0.000000,0.000000
0.845000,0.488611,-0.356376,0.545929,0.792678,-0.608609,0.030176,-0.018620,0.000000,2.000000,1.000000,0.000000,0.000000
0.850000,0.487842,-0.357378,0.545918,0.792440,-0.608914,0.030147,-0.018809,0.000000,2.000000,1.000000,0.000000,0.000000
0.855000,0.487063,-0.358388,0.545906,0.792205,-0.609215,0.030118,-0.019007,0.000000,2.000000,1.000000,0.000000,0.000000
0.860000,0.486276,-0.359407,0.545893,0.791971,-0.609514,0.030090,-0.019212,0.000000,2.000000,1.000000,0.000000,0.000000
0.865000,0.485480,-0.360434,0.545879,0.791740,-0.609808,0.030061,-0.019425,0.000000,2.000000,1.000000,0.000000,0.000000
0.870000,0.484676,-0.361469,0.545864,0.791511,-0.610100,0.030032,-0.019646,0.000000,2.000000,1.000000,0.000000,0.000000
0.875000,0.483864,-0.362511,0.545849,0.791285,-0.610387,0.030004,-0.019875,0.000000,2.000000,1.000000,0.000000,0.000000
0.880000,0.483044,-0.363560,0.545833,0.791061,-0.610672,0.029977,-0.020111,0.000000,2.000000,1.000000,0.000000,0.000000
0.885000,0.482218,-0.364615,0.545817,0.790839,-0.610952,0.029950,-0.020355,0.000000,2.000000,1.000000,0.000000,0.000000
0.890000,0.481384,-0.365676,0.545800,0.790619,-0.611229,0.029923,-0.020606,0.000000,2.000000,1.000000,0.000000,0.000000
0.895000,0.480545,-0.366742,0.545782,0.790402,-0.611502,0.029898,-0.020864,0.000000,2.000000,1.000000,0.000000,0.000000
0.900000,0.479699,-0.367814,0.545765,0.790188,-0.611772,0.029873,-0.021129,0.000000,2.000000,1.000000,0.000000,0.000000
0.905000,0.478848,-0.368889,0.545747,0.789976,-0.612037,0.029850,-0.021401,0.000000,2.000000,1.000000,0.000000,0.000000
0.910000,0.477991,-0.369968,0.545729,0.789766,-0.612299,0.029827,-0.021681,0.000000,2.000000,1.000000,0.000000,0.000000
0.915000,0.477129,-0.371051,0.545710,0.789558,-0.612558,0.029806,-0.021969,0.000000,2.000000,1.000000,0.000000,0.000000
0.920000,0.476262,-0.372135,0.545690,0.789353,-0.612813,0.029785,-0.022265,0.000000,2.000000,1.000000,0.000000,0.000000
0.925000,0.475389,-0.373221,0.545670,0.789149,-0.613065,0.029763,-0.022569,0.000000,2.000000,1.000000,0.000000,0.000000
0.930000,0.474511,-0.374308,0.545649,0.788948,-0.613313,0.029741,-0.022880,0.000000,2.000000,1.000000,0.000000,0.000000
0.935000,0.473629,-0.375395,0.545626,0.788749,-0.613558,0.029718,-0.023200,0.000000,2.000000,1.000000,0.000000,0.000000
0.940000,0.472741,-0.376481,0.545603,0.788553,-0.613799,0.029694,-0.023527,0.000000,2.000000,1.000000,0.000000,0.000000
0.945000,0.471849,-0.377566,0.545580,0.788359,-0.614036,0.029668,-0.023861,0.000000,2.000000,1.000000,0.000000,0.000000
0.950000,0.470952,-0.378649,0.545556,0.788167,-0.614270,0.029640,-0.024202,0.000000,2.000000,1.000000,0.000000,0.000000
0.955000,0.470051,-0.379730,0.545531,0.787978,-0.614500,0.029611,-0.024549,0.000000,2.000000,1.000000,0.000000,0.000000
0.960000,0.469145,-0.380809,0.545506,0.787791,-0.614727,0.029580,-0.024902,0.000000,2.000000,1.000000,0.000000,0.000000
0.965000,0.468237,-0.381884,0.545481,0.787607,-0.614950,0.029548,-0.025260,0.000000,2.000000,1.000000,0.000000,0.000000
0.970000,0.467324,-0.382955,0.545456,0.787426,-0.615169,0.029513,-0.025624,0.000000,2.000000,1.000000,0.000000,0.000000
0.975000,0.466409,-0.384022,0.545430,0.787247,-0.615385,0.029477,-0.025993,0.000000,2.000000,1.000000,0.000000,0.000000
0.980000,0.465492,-0.385084,0.545405,0.787070,-0.615596,0.029439,-0.026366,0.000000,2.000000,1.000000,0.000000,0.000000
0.985000,0.464571,-0.386140,0.545380,0.786896,-0.615805,0.029400,-0.026743,0.000000,2.000000,1.000000,0.000000,0.000000
0.990000,0.463649,-0.387191,0.545355,0.786724,-0.616009,0.029358,-0.027123,0.000000,2.000000,1.000000,0.000000,0.000000
0.995000,0.462725,-0.388235,0.545331,0.786555,-0.616211,0.029315,-0.027507,0.000000,2.000000,1.000000,0.000000,0.000000
1.000000,0.461799,-0.389273,0.545307,0.786388,-0.616409,0.029269,-0.027894,0.000000,2.000000,1.000000,0.000000,0.000000
1.005000,0.460872,-0.390302,0.545284,0.786223,-0.616603,0.029221,-0.028283,0.000000,2.000000,1.000000,0.000000,0.000000
1.010000,0.459945,-0.391324,0.545261,0.786060,-0.616795,0.029170,-0.028674,0.000000,2.000000,1.000000,0.000000,0.000000
1.015000,0.459017,-0.392337,0.545239,0.785899,-0.616984,0.029118,-0.029067,0.000000,2.000000,1.000000,0.000000,0.000000
1.020000,0.458088,-0.393341,0.545218,0.785740,-0.617171,0.029063,-0.029460,0.000000,2.000000,1.000000,0.000000,0.000000
1.025000,0.457160,-0.394337,0.545197,0.785583,-0.617355,0.029005,-0.029853,0.000000,2.000000,1.000000,0.000000,0.000000
1.030000,0.456232,-0.395323,0.545178,0.785427,-0.617537,0.028945,-0.030247,0.000000,2.000000,1.000000,0.000000,0.000000
1.035000,0.455306,-0.396298,0.545160,0.785273,-0.617717,0.028882,-0.030641,0.000000,2.000000,1.000000,0.000000,0.000000
1.040000,0.454380,-0.397263,0.545142,0.785120,-0.617894,0.028816,-0.031034,0.000000,2.000000,1.000000,0.000000,0.000000
1.045000,0.453456,-0.398217,0.545127,0.784969,-0.618070,0.028746,-0.031426,0.000000,2.000000,1.000000,0.000000,0.000000
1.050000,0.452534,-0.399160,0.545113,0.784819,-0.618243,0.028672,-0.031815,0.000000,2.000000,1.000000,0.000000,0.000000
1.055000,0.451615,-0.400092,0.545101,0.784670,-0.618416,0.028595,-0.032202,0.000000,2.000000,1.000000,0.000000,0.000000
1.060000,0.450699,-0.401011,0.545091,0.784522,-0.618587,0.028515,-0.032586,0.000000,2.000000,1.000000,0.000000,0.000000
1.065000,0.449786,-0.401919,0.545082,0.784376,-0.618757,0.028430,-0.032967,0.000000,2.000000,1.000000,0.000000,0.000000
1.070000,0.448876,-0.402814,0.545076,0.784230,-0.618925,0.028341,-0.033345,0.000000,2.000000,1.000000,0.000000,0.000000
1.075000,0.447971,-0.403696,0.545072,0.784085,-0.619093,0.028248,-0.033719,0.000000,2.000000,1.000000,0.000000,0.000000
1.080000,0.447070,-0.404566,0.545071,0.783940,-0.619260,0.028150,-0.034090,0.000000,2.000000,1.000000,0.000000,0.000000
1.085000,0.446173,-0.405422,0.545071,0.783796,-0.619427,0.028048,-0.034456,0.000000,2.000000,1.000000,0.000000,0.000000
1.090000,0.445282,-0.406266,0.545075,0.783652,-0.619594,0.027942,-0.034817,0.000000,2.000000,1.000000,0.000000,0.000000
1.095000,0.444395,-0.407096,0.545080,0.783508,-0.619761,0.027831,-0.035173,0.000000,2.000000,1.000000,0.000000,0.000000
1.100000,0.443514,-0.407913,0.545088,0.783364,-0.619928,0.027716,-0.035524,0.000000,2.000000,1.000000,0.000000,0.000000
1.105000,0.442639,-0.408716,0.545099,0.783221,-0.620095,0.027596,-0.035871,0.000000,2.000000,1.000000,0.000000,0.000000
1.110000,0.441770,-0.409505,0.545112,0.783077,-0.620262,0.027471,-0.036211,0.000000,2.000000,1.000000,0.000000,0.000000
1.115000,0.440906,-0.410280,0.545127,0.782933,-0.620429,0.027341,-0.036546,0.000000,2.000000,1.000000,0.000000,0.000000
1.120000,0.440049,-0.411042,0.545145,0.782789,-0.620598,0.027206,-0.036875,0.000000,2.000000,1.000000,0.000000,0.000000
1.125000,0.439198,-0.411790,0.545166,0.782645,-0.620767,0.027067,-0.037198,0.000000,2.000000,1.000000,0.000000,0.000000
1.130000,0.438354,-0.412524,0.545189,0.782500,-0.620936,0.026923,-0.037514,0.000000,2.000000,1.000000,0.000000,0.000000
1.135000,0.437517,-0.413245,0.545214,0.782355,-0.621106,0.026774,-0.037824,0.000000,2.000000,1.000000,0.000000,0.000000
1.140000,0.436686,-0.413951,0.545241,0.782210,-0.621277,0.026619,-0.038129,0.000000,2.000000,1.000000,0.000000,0.000000
1.145000,0.435862,-0.414642,0.545271,0.782065,-0.621448,0.026460,-0.038428,0.000000,2.000000,1.000000,0.000000,0.000000
1.150000,0.435046,-0.415320,0.545303,0.781919,-0.621620,0.026295,-0.038720,0.000000,2.000000,1.000000,0.000000,0.000000
1.155000,0.434237,-0.415983,0.545336,0.781773,-0.621793,0.026125,-0.039007,0.000000,2.000000,1.000000,0.000000,0.000000
1.160000,0.433435,-0.416633,0.545372,0.781627,-0.621966,0.025950,-0.039287,0.000000,2.000000,1.000000,0.000000,0.000000
1.165000,0.432641,-0.417267,0.545409,0.781481,-0.622140,0.025770,-0.039562,0.000000,2.000000,1.000000,0.000000,0.000000
1.170000,0.431854,-0.417887,0.545448,0.781335,-0.622314,0.025583,-0.039832,0.000000,2.000000,1.000000,0.000000,0.000000
1.175000,0.431076,-0.418492,0.545488,0.781188,-0.622489,0.025391,-0.040097,0.000000,2.000000,1.000000,0.000000,0.000000
1.180000,0.430305,-0.419082,0.545529,0.781042,-0.622664,0.025193,-0.040356,0.000000,2.000000,1.000000,0.000000,0.000000
1.185000,0.429542,-0.419658,0.545571,0.780895,-0.622839,0.024989,-0.040611,0.000000,2.000000,1.000000,0.000000,0.000000
1.190000,0.428788,-0.420220,0.545614,0.780749,-0.623015,0.024780,-0.040859,0.000000,2.000000,1.000000,0.000000,0.000000
1.195000,0.428041,-0.420767,0.545657,0.780602,-0.623192,0.024565,-0.041102,0.000000,2.000000,1.000000,0.000000,0.000000
1.200000,0.427303,-0.421299,0.545701,0.780455,-0.623369,0.024344,-0.041340,0.000000,2.000000,1.000000,0.000000,0.000000
1.205000,0.426572,-0.421817,0.545745,0.780308,-0.623546,0.024117,-0.041573,0.000000,2.000000,1.000000,0.000000,0.000000
1.210000,0.425850,-0.422320,0.545789,0.780161,-0.623723,0.023883,-0.041802,0.000000,2.000000,1.000000,0.000000,0.000000
1.215000,0.425136,-0.422808,0.545833,0.780014,-0.623901,0.023643,-0.042026,0.000000,2.000000,1.000000,0.000000,0.000000
1.220000,0.424430,-0.423282,0.545876,0.779868,-0.624079,0.023396,-0.042244,0.000000,2.000000,1.000000,0.000000,0.000000
1.225000,0.423731,-0.423741,0.545919,0.779721,-0.624257,0.023144,-0.042458,0.000000,2.000000,1.000000,0.000000,0.000000
1.230000,0.423041,-0.424187,0.545961,0.779574,-0.624436,0.022885,-0.042666,0.000000,2.000000,1.000000,0.000000,0.000000
1.235000,0.422359,-0.424618,0.546002,0.779428,-0.624614,0.022620,-0.042870,0.000000,2.000000,1.000000,0.000000,0.000000
1.240000,0.421685,-0.425035,0.546041,0.779281,-0.624793,0.022348,-0.043070,0.000000,2.000000,1.000000,0.000000,0.000000
1.245000,0.421018,-0.425437,0.546079,0.779136,-0.624971,0.022070,-0.043265,0.000000,2.000000,1.000000,0.000000,0.000000
1.250000,0.420359,-0.425826,0.546116,0.778990,-0.625149,0.021785,-0.043456,0.000000,2.000000,1.000000,0.000000,0.000000
1.255000,0.419708,-0.426200,0.546150,0.778845,-0.625327,0.021493,-0.043642,0.000000,2.000000,1.000000,0.000000,0.000000
1.260000,0.419064,-0.426560,0.546183,0.778700,-0.625505,0.021195,-0.043824,0.000000,2.000000,1.000000,0.000000,0.000000
1.265000,0.418428,-0.426907,0.546213,0.778556,-0.625682,0.020891,-0.044000,0.000000,2.000000,1.000000,0.000000,0.000000
1.270000,0.417798,-0.427240,0.546241,0.778412,-0.625859,0.020580,-0.044173,0.000000,2.000000,1.000000,0.000000,0.000000
1.275000,0.417176,-0.427558,0.546266,0.778269,-0.626035,0.020261,-0.044342,0.000000,2.000000,1.000000,0.000000,0.000000
1.280000,0.416562,-0.427863,0.546289,0.778127,-0.626211,0.019936,-0.044508,0.000000,2.000000,1.000000,0.000000,0.000000
1.285000,0.415954,-0.428154,0.546308,0.777985,-0.626386,0.019604,-0.044669,0.000000,2.000000,1.000000,0.000000,0.000000
1.290000,0.415352,-0.428431,0.546324,0.777845,-0.626560,0.019265,-0.044827,0.000000,2.000000,1.000000,0.000000,0.000000
1.295000,0.414758,-0.428694,0.546337,0.777705,-0.626733,0.018919,-0.044981,0.000000,2.000000,1.000000,0.000000,0.000000
1.300000,0.414170,-0.428944,0.546346,0.777566,-0.626905,0.018567,-0.045130,0.000000,2.000000,1.000000,0.000000,0.000000
1.305000,0.413589,-0.429181,0.546353,0.777429,-0.627075,0.018206,-0.045274,0.000000,2.000000,1.000000,0.000000,0.000000
1.310000,0.413015,-0.429403,0.546358,0.777295,-0.627242,0.017837,-0.045412,0.000000,2.000000,1.000000,0.000000,0.000000
1.315000,0.412449,-0.429612,0.546362,0.777163,-0.627407,0.017458,-0.045545,0.000000,2.000000,1.000000,0.000000,0.000000
1.320000,0.411890,-0.429808,0.546364,0.777033,-0.627568,0.017071,-0.045671,0.000000,2.000000,1.000000,0.000000,0.000000
1.325000,0.411339,-0.429990,0.546365,0.776906,-0.627728,0.016674,-0.045791,0.000000,2.000000,1.000000,0.000000,0.000000
1.330000,0.410796,-0.430159,0.546365,0.776781,-0.627884,0.016268,-0.045906,0.000000,2.000000,1.000000,0.000000,0.000000
1.335000,0.410262,-0.430314,0.546363,0.776659,-0.628038,0.015853,-0.046017,0.000000,2.000000,1.000000,0.000000,0.000000
1.340000,0.409735,-0.430455,0.546361,0.776540,-0.628188,0.015428,-0.046123,0.000000,2.000000,1.000000,0.000000,0.000000
1.345000,0.409217,-0.430582,0.546358,0.776423,-0.628336,0.014995,-0.046226,0.000000,2.000000,1.000000,0.000000,0.000000
1.350000,0.408708,-0.430695,0.546355,0.776308,-0.628481,0.014552,-0.046324,0.000000,2.000000,1.000000,0.000000,0.000000
1.355000,0.408206,-0.430794,0.546351,0.776196,-0.628623,0.014100,-0.046419,0.000000,2.000000,1.000000,0.000000,0.000000
1.360000,0.407714,-0.430880,0.546346,0.776086,-0.628762,0.013639,-0.046510,0.000000,2.000000,1.000000,0.000000,0.000000
1.365000,0.407230,-0.430952,0.546340,0.775979,-0.628897,0.013170,-0.046599,0.000000,2.000000,1.000000,0.000000,0.000000
1.370000,0.406755,-0.431010,0.546333,0.775876,-0.629028,0.012692,-0.046686,0.000000,2.000000,1.000000,0.000000,0.000000
1.375000,0.406290,-0.431054,0.546325,0.775776,-0.629155,0.012205,-0.046773,0.000000,2.000000,1.000000,0.000000,0.000000
1.380000,0.405835,-0.431084,0.546316,0.775679,-0.629277,0.011710,-0.046860,0.000000,2.000000,1.000000,0.000000,0.000000
1.385000,0.405389,-0.431100,0.546305,0.775585,-0.629395,0.011206,-0.046947,0.000000,2.000000,1.000000,0.000000,0.000000
1.390000,0.404953,-0.431103,0.546293,0.775494,-0.629509,0.010694,-0.047034,0.000000,2.000000,1.000000,0.000000,0.000000
1.395000,0.404526,-0.431092,0.546279,0.775407,-0.629619,0.010175,-0.047122,0.000000,2.000000,1.000000,0.000000,0.000000
1.400000,0.404109,-0.431067,0.546263,0.775322,-0.629726,0.009648,-0.047210,0.000000,2.000000,1.000000,0.000000,0.000000
1.405000,0.403701,-0.431029,0.546246,0.775239,-0.629828,0.009114,-0.047299,0.000000,2.000000,1.000000,0.000000,0.000000
1.410000,0.403301,-0.430977,0.546228,0.775160,-0.629927,0.008573,-0.047390,0.000000,2.000000,1.000000,0.000000,0.000000
1.415000,0.402910,-0.430911,0.546208,0.775083,-0.630022,0.008024,-0.047482,0.000000,2.000000,1.000000,0.000000,0.000000
1.420000,0.402527,-0.430831,0.546188,0.775009,-0.630113,0.007469,-0.047575,0.000000,2.000000,1.000000,0.000000,0.000000
1.425000,0.402151,-0.430737,0.546166,0.774937,-0.630201,0.006907,-0.047669,0.000000,2.000000,1.000000,0.000000,0.000000
1.430000,0.401782,-0.430629,0.546144,0.774867,-0.630286,0.006339,-0.047763,0.000000,2.000000,1.000000,0.000000,0.000000
1.435000,0.401421,-0.430508,0.546121,0.774799,-0.630367,0.005766,-0.047857,0.000000,2.000000,1.000000,0.000000,0.000000
1.440000,0.401066,-0.430374,0.546099,0.774734,-0.630445,0.005185,-0.047951,0.000000,2.000000,1.000000,0.000000,0.000000
1.445000,0.400717,-0.430228,0.546077,0.774672,-0.630518,0.004596,-0.048046,0.000000,2.000000,1.000000,0.000000,0.000000
1.450000,0.400374,-0.430070,0.546056,0.774613,-0.630588,0.004000,-0.048140,0.000000,2.000000,1.000000,0.000000,0.000000
1.455000,0.400038,-0.429899,0.546035,0.774557,-0.630653,0.003397,-0.048235,0.000000,2.000000,1.000000,0.000000,0.000000
1.460000,0.399707,-0.429716,0.546015,0.774503,-0.630715,0.002788,-0.048331,0.000000,2.000000,1.000000,0.000000,0.000000
1.465000,0.399382,-0.429521,0.545995,0.774452,-0.630773,0.002172,-0.048427,0.000000,2.000000,1.000000,0.000000,0.000000
1.470000,0.399062,-0.429312,0.545977,0.774403,-0.630827,0.001549,-0.048525,0.000000,2.000000,1.000000,0.000000,0.000000
1.475000,0.398748,-0.429091,0.545959,0.774358,-0.630876,0.000921,-0.048623,0.000000,2.000000,1.000000,0.000000,0.000000
1.480000,0.398439,-0.428857,0.545942,0.774315,-0.630921,0.000287,-0.048724,0.000000,2.000000,1.000000,0.000000,0.000000
1.485000,0.398136,-0.428608,0.545926,0.774276,-0.630962,-0.000353,-0.048826,0.000000,2.000000,1.000000,0.000000,0.000000
1.490000,0.397838,-0.428347,0.545911,0.774239,-0.630998,-0.000997,-0.048930,0.000000,2.000000,1.000000,0.000000,0.000000
1.495000,0.397544,-0.428072,0.545898,0.774206,-0.631030,-0.001647,-0.049036,0.000000,2.000000,1.000000,0.000000,0.000000
1.500000,0.397256,-0.427783,0.545885,0.774175,-0.631057,-0.002302,-0.049143,0.000000,2.000000,1.000000,0.000000,0.000000
1.505000,0.396972,-0.427480,0.545873,0.774147,-0.631079,-0.002961,-0.049253,0.000000,2.000000,1.000000,0.000000,0.000000
1.510000,0.396693,-0.427163,0.545863,0.774123,-0.631097,-0.003624,-0.049365,0.000000,2.000000,1.000000,0.000000,0.000000
1.515000,0.396419,-0.426831,0.545854,0.774102,-0.631109,-0.004291,-0.049479,0.000000,2.000000,1.000000,0.000000,0.000000
1.520000,0.396149,-0.426485,0.545846,0.774085,-0.631117,-0.004963,-0.049596,0.000000,2.000000,1.000000,0.000000,0.000000
1.525000,0.395884,-0.426125,0.545839,0.774070,-0.631120,-0.005638,-0.049714,0.000000,2.000000,1.000000,0.000000,0.000000
1.530000,0.395623,-0.425750,0.545834,0.774059,-0.631118,-0.006316,-0.049835,0.000000,2.000000,1.000000,0.000000,0.000000
1.535000,0.395366,-0.425360,0.545830,0.774051,-0.631111,-0.006997,-0.049957,0.000000,2.000000,1.000000,0.000000,0.000000
1.540000,0.395113,-0.424956,0.545828,0.774046,-0.631098,-0.007680,-0.050082,0.000000,2.000000,1.000000,0.000000,0.000000
1.545000,0.394864,-0.424537,0.545827,0.774046,-0.631080,-0.008366,-0.050209,0.000000,2.000000,1.000000,0.000000,0.000000
1.550000,0.394620,-0.424102,0.545827,0.774049,-0.631057,-0.009055,-0.050338,0.000000,2.000000,1.000000,0.000000,0.000000
1.555000,0.394379,-0.423652,0.545829,0.774055,-0.631028,-0.009744,-0.050470,0.000000,2.000000,1.000000,0.000000,0.000000
1.560000,0.394143,-0.423188,0.545833,0.774065,-0.630994,-0.010436,-0.050605,0.000000,2.000000,1.000000,0.000000,0.000000
1.565000,0.393911,-0.422708,0.545838,0.774079,-0.630954,-0.011128,-0.050740,0.000000,2.000000,1.000000,0.000000,0.000000
1.570000,0.393682,-0.422213,0.545844,0.774097,-0.630909,-0.011821,-0.050878,0.000000,2.000000,1.000000,0.000000,0.000000
1.575000,0.393458,-0.421703,0.545852,0.774118,-0.630858,-0.012515,-0.051018,0.000000,2.000000,1.000000,0.000000,0.000000
1.580000,0.393238,-0.421177,0.545862,0.774143,-0.630801,-0.013209,-0.051161,0.000000,2.000000,1.000000,0.000000,0.000000
1.585000,0.393022,-0.420636,0.545872,0.774173,-0.630738,-0.013903,-0.051306,0.000000,2.000000,1.000000,0.000000,0.000000
1.590000,0.392810,-0.420079,0.545884,0.774207,-0.630669,-0.014596,-0.051453,0.000000,2.000000,1.000000,0.000000,0.000000
1.595000,0.392603,-0.419506,0.545898,0.774245,-0.630594,-0.015289,-0.051602,0.000000,2.000000,1.000000,0.000000,0.000000
1.600000,0.392399,-0.418918,0.545913,0.774286,-0.630513,-0.015980,-0.051752,0.000000,2.000000,1.000000,0.000000,0.000000
1.605000,0.392200,-0.418315,0.545929,0.774332,-0.630427,-0.016671,-0.051904,0.000000,2.000000,1.000000,0.000000,0.000000
1.610000,0.392004,-0.417696,0.545947,0.774382,-0.630334,-0.017359,-0.052058,0.000000,2.000000,1.000000,0.000000,0.000000
1.615000,0.391814,-0.417061,0.545965,0.774437,-0.630234,-0.018046,-0.052214,0.000000,2.000000,1.000000,0.000000,0.000000
1.620000,0.391628,-0.416411,0.545985,0.774496,-0.630128,-0.018731,-0.052372,0.000000,2.000000,1.000000,0.000000,0.000000
1.625000,0.391446,-0.415744,0.546006,0.774560,-0.630016,-0.019414,-0.052532,0.000000,2.000000,1.000000,0.000000,0.000000
1.630000,0.391268,-0.415062,0.546027,0.774629,-0.629897,-0.020094,-0.052693,0.000000,2.000000,1.000000,0.000000,0.000000
1.635000,0.391095,-0.414365,0.546050,0.774701,-0.629772,-0.020771,-0.052854,0.000000,2.000000,1.000000,0.000000,0.000000
1.640000,0.390926,-0.413651,0.546073,0.774778,-0.629641,-0.021446,-0.053018,0.000000,2.000000,1.000000,0.000000,0.000000
1.645000,0.390762,-0.412922,0.546097,0.774860,-0.629503,-0.022117,-0.053182,0.000000,2.000000,1.000000,0.000000,0.000000
1.650000,0.390603,-0.412177,0.546122,0.774948,-0.629358,-0.022785,-0.053349,0.000000,2.000000,1.000000,0.000000,0.000000
1.655000,0.390448,-0.411415,0.546147,0.775040,-0.629205,-0.023450,-0.053517,0.000000,2.000000,1.000000,0.000000,0.000000
1.660000,0.390298,-0.410638,0.546172,0.775137,-0.629046,-0.024111,-0.053687,0.000000,2.000000,1.000000,0.000000,0.000000
1.665000,0.390154,-0.409844,0.546198,0.775240,-0.628879,-0.024768,-0.053858,0.000000,2.000000,1.000000,0.000000,0.000000
1.670000,0.390014,-0.409034,0.546223,0.775347,-0.628706,-0.025422,-0.054030,0.000000,2.000000,1.000000,0.000000,0.000000
1.675000,0.389879,-0.408208,0.546248,0.775460,-0.628525,-0.026071,-0.054203,0.000000,2.000000,1.000000,0.000000,0.000000
1.680000,0.389750,-0.407366,0.546273,0.775578,-0.628337,-0.026716,-0.054378,0.000000,2.000000,1.000000,0.000000,0.000000
1.685000,0.389626,-0.406507,0.546298,0.775702,-0.628141,-0.027357,-0.054555,0.000000,2.000000,1.000000,0.000000,0.000000
1.690000,0.389507,-0.405632,0.546321,0.775832,-0.627938,-0.027994,-0.054732,0.000000,2.000000,1.000000,0.000000,0.000000
1.695000,0.389393,-0.404741,0.546344,0.775967,-0.627727,-0.028627,-0.054912,0.000000,2.000000,1.000000,0.000000,0.000000
1.700000,0.389286,-0.403833,0.546366,0.776108,-0.627507,-0.029254,-0.055094,0.000000,2.000000,1.000000,0.000000,0.000000
1.705000,0.389184,-0.402909,0.546387,0.776256,-0.627278,-0.029878,-0.055278,0.000000,2.000000,1.000000,0.000000,0.000000
1.710000,0.389087,-0.401968,0.546407,0.776410,-0.627042,-0.030496,-0.055465,0.000000,2.000000,1.000000,0.000000,0.000000
1.715000,0.388996,-0.401011,0.546426,0.776569,-0.626798,-0.031110,-0.055654,0.000000,2.000000,1.000000,0.000000,0.000000
1.720000,0.388910,-0.400038,0.546444,0.776734,-0.626546,-0.031719,-0.055843,0.000000,2.000000,1.000000,0.000000,0.000000
1.725000,0.388829,-0.399050,0.546460,0.776904,-0.626287,-0.032322,-0.056033,0.000000,2.000000,1.000000,0.000000,0.000000
1.730000,0.388753,-0.398046,0.546474,0.777080,-0.626020,-0.032920,-0.056224,0.000000,2.000000,1.000000,0.000000,0.000000
1.735000,0.388681,-0.397026,0.546487,0.777261,-0.625747,-0.033513,-0.056414,0.000000,2.000000,1.000000,0.000000,0.000000
1.740000,0.388614,-0.395992,0.546498,0.777447,-0.625467,-0.034100,-0.056604,0.000000,2.000000,1.000000,0.000000,0.000000
1.745000,0.388551,-0.394942,0.546507,0.777639,-0.625180,-0.034682,-0.056793,0.000000,2.000000,1.000000,0.000000,0.000000
1.750000,0.388492,-0.393877,0.546514,0.777836,-0.624885,-0.035258,-0.056982,0.000000,2.000000,1.000000,0.000000,0.000000
1.755000,0.388438,-0.392797,0.546518,0.778038,-0.624584,-0.035828,-0.057170,0.000000,2.000000,1.000000,0.000000,0.000000
1.760000,0.388388,-0.391702,0.546520,0.778246,-0.624275,-0.036393,-0.057356,0.000000,2.000000,1.000000,0.000000,0.000000
1.765000,0.388341,-0.390593,0.546519,0.778459,-0.623960,-0.036951,-0.057542,0.000000,2.000000,1.000000,0.000000,0.000000
1.770000,0.388298,-0.389469,0.546514,0.778677,-0.623638,-0.037504,-0.057725,0.000000,2.000000,1.000000,0.000000,0.000000
1.775000,0.388259,-0.388331,0.546507,0.778900,-0.623309,-0.038051,-0.057906,0.000000,2.000000,1.000000,0.000000,0.000000
1.780000,0.388223,-0.387179,0.546495,0.779129,-0.622972,-0.038592,-0.058087,0.000000,2.000000,1.000000,0.000000,0.000000
1.785000,0.388191,-0.386012,0.546480,0.779364,-0.622629,-0.039127,-0.058265,0.000000,2.000000,1.000000,0.000000,0.000000
1.790000,0.388162,-0.384830,0.546461,0.779604,-0.622278,-0.039657,-0.058442,0.000000,2.000000,1.000000,0.000000,0.000000
1.795000,0.388136,-0.383634,0.546437,0.779849,-0.621920,-0.040181,-0.058617,0.000000,2.000000,1.000000,0.000000,0.000000
1.800000,0.388114,-0.382424,0.546409,0.780100,-0.621555,-0.040699,-0.058790,0.000000,2.000000,1.000000,0.000000,0.000000
1.805000,0.388094,-0.381201,0.546375,0.780357,-0.621183,-0.041211,-0.058961,0.000000,2.000000,1.000000,0.000000,0.000000
1.810000,0.388077,-0.379963,0.546337,0.780619,-0.620804,-0.041717,-0.059130,0.000000,2.000000,1.000000,0.000000,0.000000
1.815000,0.388064,-0.378711,0.546293,0.780886,-0.620418,-0.042217,-0.059297,0.000000,2.000000,1.000000,0.000000,0.000000
1.820000,0.388054,-0.377445,0.546244,0.781160,-0.620023,-0.042711,-0.059462,0.000000,2.000000,1.000000,0.000000,0.000000
1.825000,0.388046,-0.376165,0.546188,0.781440,-0.619621,-0.043200,-0.059626,0.000000,2.000000,1.000000,0.000000,0.000000
1.830000,0.388042,-0.374871,0.546127,0.781726,-0.619211,-0.043682,-0.059789,0.000000,2.000000,1.000000,0.000000,0.000000
1.835000,0.388041,-0.373563,0.546059,0.782017,-0.618794,-0.044159,-0.059949,0.000000,2.000000,1.000000,0.000000,0.000000
1.840000,0.388042,-0.372241,0.545985,0.782314,-0.618369,-0.044629,-0.060107,0.000000,2.000000,1.000000,0.000000,0.000000
1.845000,0.388047,-0.370905,0.545903,0.782618,-0.617936,-0.045093,-0.060264,0.000000,2.000000,1.000000,0.000000,0.000000
1.850000,0.388055,-0.369555,0.545815,0.782927,-0.617495,-0.045551,-0.060420,0.000000,2.000000,1.000000,0.000000,0.000000
1.855000,0.388066,-0.368191,0.545720,0.783243,-0.617046,-0.046003,-0.060574,0.000000,2.000000,1.000000,0.000000,0.000000
1.860000,0.388079,-0.366813,0.545617,0.783564,-0.616589,-0.046448,-0.060725,0.000000,2.000000,1.000000,0.000000,0.000000
1.865000,0.388096,-0.365422,0.545506,0.783891,-0.616125,-0.046888,-0.060875,0.000000,2.000000,1.000000,0.000000,0.000000
1.870000,0.388115,-0.364017,0.545388,0.784225,-0.615653,-0.047320,-0.061023,0.000000,2.000000,1.000000,0.000000,0.000000
1.875000,0.388137,-0.362599,0.545261,0.784564,-0.615174,-0.047746,-0.061168,0.000000,2.000000,1.000000,0.000000,0.000000
1.880000,0.388162,-0.361167,0.545127,0.784909,-0.614686,-0.048166,-0.061311,0.000000,2.000000,1.000000,0.000000,0.000000
1.885000,0.388189,-0.359722,0.544984,0.785260,-0.614191,-0.048578,-0.061451,0.000000,2.000000,1.000000,0.000000,0.000000
1.890000,0.388219,-0.358263,0.544833,0.785617,-0.613688,-0.048984,-0.061589,0.000000,2.000000,1.000000,0.000000,0.000000
1.895000,0.388252,-0.356791,0.544673,0.785980,-0.613177,-0.049384,-0.061725,0.000000,2.000000,1.000000,0.000000,0.000000
1.900000,0.388287,-0.355306,0.544504,0.786349,-0.612659,-0.049776,-0.061857,0.000000,2.000000,1.000000,0.000000,0.000000
1.905000,0.388324,-0.353808,0.544327,0.786724,-0.612133,-0.050161,-0.061986,0.000000,2.000000,1.000000,0.000000,0.000000
1.910000,0.388364,-0.352298,0.544140,0.787105,-0.611599,-0.050539,-0.062113,0.000000,2.000000,1.000000,0.000000,0.000000
1.915000,0.388407,-0.350774,0.543945,0.787492,-0.611057,-0.050910,-0.062237,0.000000,2.000000,1.000000,0.000000,0.000000
1.920000,0.388452,-0.349237,0.543741,0.787886,-0.610507,-0.051273,-0.062359,0.000000,2.000000,1.000000,0.000000,0.000000
1.925000,0.388500,-0.347687,0.543527,0.788286,-0.609948,-0.051628,-0.062479,0.000000,2.000000,1.000000,0.000000,0.000000
1.930000,0.388552,-0.346123,0.543304,0.788693,-0.609380,-0.051975,-0.062596,0.000000,2.000000,1.000000,0.000000,0.000000
1.935000,0.388606,-0.344547,0.543072,0.789106,-0.608804,-0.052315,-0.062711,0.000000,2.000000,1.000000,0.000000,0.000000
1.940000,0.388663,-0.342958,0.542831,0.789525,-0.608221,-0.052646,-0.062823,0.000000,2.000000,1.000000,0.000000,0.000000
1.945000,0.388723,-0.341356,0.542581,0.789950,-0.607629,-0.052969,-0.062933,0.000000,2.000000,1.000000,0.000000,0.000000
1.950000,0.388786,-0.339741,0.542321,0.790382,-0.607028,-0.053283,-0.063040,0.000000,2.000000,1.000000,0.000000,0.000000
1.955000,0.388853,-0.338113,0.542052,0.790820,-0.606419,-0.053589,-0.063145,0.000000,2.000000,1.000000,0.000000,0.000000
1.960000,0.388923,-0.336472,0.541774,0.791265,-0.605802,-0.053886,-0.063248,0.000000,2.000000,1.000000,0.000000,0.000000
1.965000,0.388997,-0.334818,0.541486,0.791715,-0.605177,-0.054174,-0.063348,0.000000,2.000000,1.000000,0.000000,0.000000
1.970000,0.389073,-0.333152,0.541190,0.792172,-0.604544,-0.054454,-0.063446,0.000000,2.000000,1.000000,0.000000,0.000000
1.975000,0.389153,-0.331472,0.540884,0.792634,-0.603903,-0.054727,-0.063542,0.000000,2.000000,1.000000,0.000000,0.000000
1.980000,0.389235,-0.329778,0.540569,0.793102,-0.603254,-0.054994,-0.063637,0.000000,2.000000,1.000000,0.000000,0.000000
1.985000,0.389320,-0.328069,0.540245,0.793575,-0.602598,-0.055255,-0.063731,0.000000,2.000000,1.000000,0.000000,0.000000
1.990000,0.389407,-0.326347,0.539912,0.794053,-0.601934,-0.055513,-0.063825,0.000000,2.000000,1.000000,0.000000,0.000000
1.995000,0.389497,-0.324609,0.539571,0.794537,-0.601262,-0.055767,-0.063919,0.000000,2.000000,1.000000,0.000000,0.000000
2.000000,0.389588,-0.322858,0.539222,0.795026,-0.600582,-0.056016,-0.064011,0.000000,2.000000,1.000000,0.000000,0.000000
2.005000,0.389683,-0.321092,0.538864,0.795519,-0.599896,-0.056261,-0.064102,0.000000,2.000000,1.000000,0.000000,0.000000
2.010000,0.389779,-0.319313,0.538499,0.796018,-0.599202,-0.056501,-0.064190,0.000000,2.000000,1.000000,0.000000,0.000000
2.015000,0.389879,-0.317522,0.538126,0.796522,-0.598500,-0.056735,-0.064277,0.000000,2.000000,1.000000,-0.000000,0.000000
2.020000,0.389981,-0.315717,0.537747,0.797032,-0.597791,-0.056961,-0.064359,0.000000,2.000000,1.000000,0.000000,0.000000
2.025000,0.390088,-0.313902,0.537360,0.797547,-0.597074,-0.057178,-0.064438,0.000000,2.000000,1.000000,0.000000,0.000000
2.030000,0.390199,-0.312076,0.536967,0.798068,-0.596350,-0.057386,-0.064512,0.000000,2.000000,1.000000,0.000000,0.000000
2.035000,0.390313,-0.310239,0.536567,0.798594,-0.595618,-0.057582,-0.064580,0.000000,2.000000,1.000000,0.000000,0.000000
2.040000,0.390433,-0.308393,0.536161,0.799126,-0.594879,-0.057768,-0.064642,0.000000,2.000000,1.000000,0.000000,0.000000
2.045000,0.390556,-0.306538,0.535748,0.799664,-0.594133,-0.057941,-0.064698,0.000000,2.000000,1.000000,0.000000,0.000000
2.050000,0.390685,-0.304674,0.535329,0.800208,-0.593380,-0.058102,-0.064747,0.000000,2.000000,1.000000,0.000000,0.000000
2.055000,0.390819,-0.302802,0.534904,0.800757,-0.592619,-0.058250,-0.064789,0.000000,2.000000,1.000000,0.000000,0.000000
2.060000,0.390959,-0.300923,0.534473,0.801311,-0.591852,-0.058385,-0.064824,0.000000,2.000000,1.000000,0.000000,0.000000
2.065000,0.391104,-0.299036,0.534036,0.801871,-0.591078,-0.058506,-0.064852,0.000000,2.000000,1.000000,0.000000,0.000000
2.070000,0.391254,-0.297143,0.533593,0.802437,-0.590298,-0.058613,-0.064873,0.000000,2.000000,1.000000,0.000000,0.000000
2.075000,0.391410,-0.295243,0.533144,0.803007,-0.589511,-0.058707,-0.064886,0.000000,2.000000,1.000000,0.000000,0.000000
2.080000,0.391572,-0.293337,0.532689,0.803582,-0.588718,-0.058787,-0.064891,0.000000,2.000000,1.000000,0.000000,0.000000
2.085000,0.391740,-0.291426,0.532229,0.804163,-0.587918,-0.058853,-0.064889,0.000000,2.000000,1.000000,0.000000,0.000000
2.090000,0.391914,-0.289510,0.531763,0.804748,-0.587113,-0.058904,-0.064877,0.000000,2.000000,1.000000,0.000000,0.000000
2.095000,0.392093,-0.287590,0.531292,0.805338,-0.586302,-0.058944,-0.064854,0.000000,2.000000,1.000000,0.000000,0.000000
2.100000,0.392276,-0.285667,0.530816,0.805932,-0.585486,-0.058973,-0.064816,0.000000,2.000000,1.000000,0.000000,0.000000
2.105000,0.392461,-0.283741,0.530334,0.806531,-0.584665,-0.058995,-0.064762,0.000000,2.000000,1.000000,0.000000,0.000000
2.110000,0.392648,-0.281813,0.529846,0.807135,-0.583837,-0.059011,-0.064692,0.000000,2.000000,1.000000,0.000000,0.000000
2.115000,0.392837,-0.279883,0.529354,0.807744,-0.583003,-0.059020,-0.064603,0.000000,2.000000,1.000000,0.000000,0.000000
2.120000,0.393029,-0.277952,0.528857,0.808358,-0.582162,-0.059023,-0.064496,0.000000,2.000000,1.000000,0.000000,0.000000
2.125000,0.393223,-0.276021,0.528354,0.808979,-0.581315,-0.059019,-0.064371,0.000000,2.000000,1.000000,0.000000,0.000000
2.130000,0.393419,-0.274090,0.527848,0.809605,-0.580460,-0.059006,-0.064230,0.000000,2.000000,1.000000,0.000000,0.000000
2.135000,0.393621,-0.272160,0.527337,0.810237,-0.579597,-0.058984,-0.064074,0.000000,2.000000,1.000000,0.000000,0.000000
2.140000,0.393828,-0.270230,0.526821,0.810874,-0.578726,-0.058949,-0.063906,0.000000,2.000000,1.000000,0.000000,0.000000
2.145000,0.394042,-0.268302,0.526302,0.811518,-0.577848,-0.058902,-0.063727,0.000000,2.000000,1.000000,0.000000,0.000000
2.150000,0.394262,-0.266376,0.525778,0.812166,-0.576964,-0.058841,-0.063538,0.000000,2.000000,1.000000,0.000000,0.000000
2.155000,0.394490,-0.264453,0.525250,0.812818,-0.576075,-0.058765,-0.063338,0.000000,2.000000,1.000000,0.000000,0.000000
2.160000,0.394725,-0.262532,0.524719,0.813474,-0.575180,-0.058675,-0.063129,0.000000,2.000000,1.000000,0.000000,0.000000
2.165000,0.394968,-0.260616,0.524183,0.814133,-0.574282,-0.058570,-0.062911,0.000000,2.000000,1.000000,0.000000,0.000000
2.170000,0.395219,-0.258704,0.523644,0.814795,-0.573379,-0.058451,-0.062683,0.000000,2.000000,1.000000,0.000000,0.000000
2.175000,0.395478,-0.256798,0.523101,0.815460,-0.572472,-0.058317,-0.062446,0.000000,2.000000,1.000000,0.000000,0.000000
2.180000,0.395745,-0.254896,0.522555,0.816127,-0.571563,-0.058169,-0.062200,0.000000,2.000000,1.000000,0.000000,0.000000
2.185000,0.396021,-0.253001,0.522005,0.816797,-0.570650,-0.058006,-0.061944,0.000000,2.000000,1.000000,0.000000,0.000000
2.190000,0.396305,-0.251113,0.521452,0.817468,-0.569734,-0.057830,-0.061679,0.000000,2.000000,1.000000,0.000000,0.000000
2.195000,0.396597,-0.249233,0.520896,0.818141,-0.568817,-0.057639,-0.061405,0.000000,2.000000,1.000000,0.000000,0.000000
2.200000,0.396898,-0.247361,0.520336,0.818816,-0.567896,-0.057435,-0.061122,0.000000,2.000000,1.000000,0.000000,0.000000
2.205000,0.397207,-0.245497,0.519773,0.819491,-0.566974,-0.057218,-0.060830,0.000000,2.000000,1.000000,0.000000,0.000000
2.210000,0.397525,-0.243643,0.519206,0.820169,-0.566050,-0.056989,-0.060529,0.000000,2.000000,1.000000,0.000000,0.000000
2.215000,0.397851,-0.241797,0.518637,0.820847,-0.565123,-0.056748,-0.060219,0.000000,2.000000,1.000000,0.000000,0.000000
2.220000,0.398186,-0.239963,0.518064,0.821525,-0.564195,-0.056495,-0.059899,0.000000,2.000000,1.000000,0.000000,0.000000
2.225000,0.398529,-0.238139,0.517488,0.822205,-0.563266,-0.056229,-0.059570,0.000000,2.000000,1.000000,0.000000,0.000000
2.230000,0.398880,-0.236328,0.516910,0.822885,-0.562336,-0.055953,-0.059232,0.000000,2.000000,1.000000,0.000000,0.000000
2.235000,0.399241,-0.234528,0.516329,0.823565,-0.561405,-0.055665,-0.058884,0.000000,2.000000,1.000000,0.000000,0.000000
2.240000,0.399609,-0.232741,0.515745,0.824245,-0.560472,-0.055367,-0.058526,0.000000,2.000000,1.000000,0.000000,0.000000
2.245000,0.399986,-0.230968,0.515159,0.824925,-0.559539,-0.055059,-0.058160,0.000000,2.000000,1.000000,0.000000,0.000000
2.250000,0.400371,-0.229207,0.514570,0.825606,-0.558605,-0.054742,-0.057786,0.000000,2.000000,1.000000,0.000000,0.000000
2.255000,0.400764,-0.227461,0.513978,0.826286,-0.557670,-0.054415,-0.057402,0.000000,2.000000,1.000000,0.000000,0.000000
2.260000,0.401165,-0.225729,0.513384,0.826965,-0.556735,-0.054081,-0.057009,0.000000,2.000000,1.000000,0.000000,0.000000
2.265000,0.401573,-0.224013,0.512788,0.827644,-0.555800,-0.053738,-0.056608,0.000000,2.000000,1.000000,0.000000,0.000000
2.270000,0.401990,-0.222311,0.512190,0.828322,-0.554864,-0.053389,-0.056198,0.000000,2.000000,1.000000,0.000000,0.000000
2.275000,0.402414,-0.220626,0.511589,0.828999,-0.553928,-0.053033,-0.055781,0.000000,2.000000,1.000000,0.000000,0.000000
2.280000,0.402845,-0.218955,0.510987,0.829676,-0.552991,-0.052671,-0.055355,0.000000,2.000000,1.000000,0.000000,0.000000
2.285000,0.403284,-0.217302,0.510383,0.830352,-0.552055,-0.052304,-0.054922,0.000000,2.000000,1.000000,0.000000,0.000000
2.290000,0.403730,-0.215664,0.509776,0.831026,-0.551118,-0.051931,-0.054482,0.000000,2.000000,1.000000,0.000000,0.000000
2.295000,0.404184,-0.214044,0.509169,0.831699,-0.550180,-0.051554,-0.054035,0.000000,2.000000,1.000000,0.000000,0.000000
2.300000,0.404644,-0.212440,0.508559,0.832372,-0.549243,-0.051172,-0.053581,0.000000,2.000000,1.000000,0.000000,0.000000
2.305000,0.405112,-0.210854,0.507949,0.833042,-0.548306,-0.050787,-0.053121,0.000000,2.000000,1.000000,0.000000,0.000000
2.310000,0.405586,-0.209285,0.507337,0.833712,-0.547368,-0.050398,-0.052655,0.000000,2.000000,1.000000,0.000000,0.000000
2.315000,0.406068,-0.207734,0.506724,0.834380,-0.546431,-0.050006,-0.052183,0.000000,2.000000,1.000000,0.000000,0.000000
2.320000,0.406556,-0.206201,0.506110,0.835046,-0.545493,-0.049612,-0.051706,0.000000,2.000000,1.000000,0.000000,0.000000
2.325000,0.407051,-0.204685,0.505496,0.835711,-0.544556,-0.049216,-0.051224,0.000000,2.000000,1.000000,0.000000,0.000000
2.330000,0.407553,-0.203188,0.504881,0.836374,-0.543618,-0.048817,-0.050738,0.000000,2.000000,1.000000,0.000000,0.000000
2.335000,0.408061,-0.201708,0.504266,0.837035,-0.542681,-0.048417,-0.050247,0.000000,2.000000,1.000000,0.000000,0.000000
2.340000,0.408576,-0.200248,0.503651,0.837695,-0.541744,-0.048015,-0.049753,0.000000,2.000000,1.000000,0.000000,0.000000
2.345000,0.409097,-0.198805,0.503036,0.838352,-0.540808,-0.047613,-0.049255,0.000000,2.000000,1.000000,0.000000,0.000000
2.350000,0.409625,-0.197381,0.502422,0.839007,-0.539871,-0.047210,-0.048754,0.000000,2.000000,1.000000,0.000000,0.000000
2.355000,0.410158,-0.195975,0.501808,0.839661,-0.538935,-0.046806,-0.048251,0.000000,2.000000,1.000000,0.000000,0.000000
2.360000,0.410698,-0.194588,0.501195,0.840312,-0.537999,-0.046402,-0.047746,0.000000,2.000000,1.000000,0.000000,0.000000
2.365000,0.411245,-0.193218,0.500584,0.840961,-0.537063,-0.045999,-0.047239,0.000000,2.000000,1.000000,0.000000,0.000000
2.370000,0.411797,-0.191867,0.499973,0.841608,-0.536128,-0.045596,-0.046732,0.000000,2.000000,1.000000,0.000000,0.000000
2.375000,0.412355,-0.190534,0.499365,0.842253,-0.535192,-0.045194,-0.046223,0.000000,2.000000,1.000000,0.000000,0.000000
2.380000,0.412919,-0.189219,0.498758,0.842896,-0.534257,-0.044793,-0.045715,0.000000,2.000000,1.000000,0.000000,0.000000
2.385000,0.413489,-0.187921,0.498153,0.843536,-0.533322,-0.044394,-0.045206,0.000000,2.000000,1.000000,0.000000,0.000000
2.390000,0.414064,-0.186640,0.497551,0.844175,-0.532387,-0.043997,-0.044699,0.000000,2.000000,1.000000,0.000000,0.000000
2.395000,0.414646,-0.185377,0.496951,0.844811,-0.531451,-0.043602,-0.044194,0.000000,2.000000,1.000000,0.000000,0.000000
2.400000,0.415233,-0.184129,0.496354,0.845445,-0.530515,-0.043210,-0.043691,0.000000,2.000000,1.000000,0.000000,0.000000
2.405000,0.415826,-0.182898,0.495760,0.846078,-0.529578,-0.042821,-0.043191,0.000000,2.000000,1.000000,0.000000,0.000000
2.410000,0.416425,-0.181683,0.495170,0.846708,-0.528641,-0.042435,-0.042694,0.000000,2.000000,1.000000,0.000000,0.000000
2.415000,0.417030,-0.180484,0.494584,0.847337,-0.527704,-0.042053,-0.042200,0.000000,2.000000,1.000000,0.000000,0.000000
2.420000,0.417640,-0.179300,0.494001,0.847963,-0.526765,-0.041674,-0.041710,0.000000,2.000000,1.000000,0.000000,0.000000
2.425000,0.418256,-0.178130,0.493423,0.848588,-0.525826,-0.041300,-0.041225,0.000000,2.000000,1.000000,0.000000,0.000000
2.430000,0.418877,-0.176974,0.492850,0.849210,-0.524887,-0.040929,-0.040746,0.000000,2.000000,1.000000,0.000000,0.000000
2.435000,0.419502,-0.175831,0.492284,0.849830,-0.523948,-0.040561,-0.040274,0.000000,2.000000,1.000000,0.000000,0.000000
2.440000,0.420132,-0.174701,0.491724,0.850447,-0.523010,-0.040195,-0.039808,0.000000,2.000000,1.000000,0.000000,0.000000
2.445000,0.420765,-0.173584,0.491172,0.851061,-0.522072,-0.039833,-0.039349,0.000000,2.000000,1.000000,0.000000,0.000000
2.450000,0.421403,-0.172478,0.490627,0.851674,-0.521134,-0.039474,-0.038897,0.000000,2.000000,1.000000,0.000000,0.000000
2.455000,0.422044,-0.171383,0.490090,0.852284,-0.520196,-0.039120,-0.038453,0.000000,2.000000,1.000000,0.000000,0.000000
2.460000,0.422690,-0.170298,0.489560,0.852892,-0.519256,-0.038770,-0.038018,0.000000,2.000000,1.000000,0.000000,0.000000
2.465000,0.423340,-0.169223,0.489037,0.853498,-0.518317,-0.038427,-0.037593,0.000000,2.000000,1.000000,0.000000,0.000000
2.470000,0.423995,-0.168156,0.488522,0.854101,-0.517376,-0.038089,-0.037178,0.000000,2.000000,1.000000,0.000000,0.000000
2.475000,0.424654,-0.167098,0.488014,0.854703,-0.516435,-0.037758,-0.036774,0.000000,2.000000,1.000000,0.000000,0.000000
2.480000,0.425318,-0.166048,0.487515,0.855303,-0.515493,-0.037433,-0.036381,0.000000,2.000000,1.000000,0.000000,0.000000
2.485000,0.425987,-0.165006,0.487023,0.855900,-0.514550,-0.037115,-0.035998,0.000000,2.000000,1.000000,0.000000,0.000000
2.490000,0.426660,-0.163970,0.486539,0.856495,-0.513607,-0.036804,-0.035628,0.000000,2.000000,1.000000,0.000000,0.000000
2.495000,0.427338,-0.162939,0.486063,0.857088,-0.512663,-0.036502,-0.035270,0.000000,2.000000,1.000000,0.000000,0.000000
2.500000,0.428021,-0.161914,0.485595,0.857679,-0.511718,-0.036208,-0.034926,0.000000,2.000000,1.000000,0.000000,0.000000
2.505000,0.428708,-0.160893,0.485134,0.858268,-0.510773,-0.035923,-0.034596,0.000000,2.000000,1.000000,0.000000,0.000000
2.510000,0.429401,-0.159876,0.484682,0.858854,-0.509827,-0.035647,-0.034281,0.000000,2.000000,1.000000,0.000000,0.000000
2.515000,0.430098,-0.158863,0.484237,0.859440,-0.508878,-0.035380,-0.033980,0.000000,2.000000,1.000000,0.000000,0.000000
2.520000,0.430800,-0.157852,0.483800,0.860026,-0.507924,-0.035123,-0.033694,0.000000,2.000000,1.000000,0.000000,0.000000
2.525000,0.431505,-0.156844,0.483371,0.860613,-0.506964,-0.034877,-0.033423,0.000000,2.000000,1.000000,0.000000,0.000000
2.530000,0.432215,-0.155838,0.482949,0.861201,-0.505997,-0.034641,-0.033168,0.000000,2.000000,1.000000,0.000000,0.000000
2.535000,0.432928,-0.154834,0.482535,0.861790,-0.505024,-0.034416,-0.032928,0.000000,2.000000,1.000000,0.000000,0.000000
2.540000,0.433644,-0.153831,0.482128,0.862381,-0.504044,-0.034203,-0.032704,0.000000,2.000000,1.000000,0.000000,0.000000
2.545000,0.434363,-0.152829,0.481728,0.862973,-0.503057,-0.034001,-0.032496,0.000000,2.000000,1.000000,0.000000,0.000000
2.550000,0.435085,-0.151828,0.481336,0.863566,-0.502063,-0.033810,-0.032303,0.000000,2.000000,1.000000,0.000000,0.000000
2.555000,0.435809,-0.150829,0.480951,0.864160,-0.501063,-0.033631,-0.032125,0.000000,2.000000,1.000000,0.000000,0.000000
2.560000,0.436535,-0.149830,0.480573,0.864756,-0.500055,-0.033464,-0.031963,0.000000,2.000000,1.000000,0.000000,0.000000
2.565000,0.437263,-0.148830,0.480201,0.865353,-0.499042,-0.033309,-0.031817,0.000000,2.000000,1.000000,0.000000,0.000000
2.570000,0.437992,-0.147831,0.479836,0.865951,-0.498022,-0.033166,-0.031688,0.000000,2.000000,1.000000,0.000000,0.000000
2.575000,0.438721,-0.146832,0.479476,0.866548,-0.496997,-0.033033,-0.031578,0.000000,2.000000,1.000000,0.000000,0.000000
2.580000,0.439449,-0.145832,0.479119,0.867145,-0.495968,-0.032910,-0.031488,0.000000,2.000000,1.000000,0.000000,0.000000
2.585000,0.440174,-0.144833,0.478763,0.867741,-0.494937,-0.032793,-0.031419,0.000000,2.000000,1.000000,0.000000,0.000000
2.590000,0.440897,-0.143833,0.478409,0.868335,-0.493905,-0.032684,-0.031373,0.000000,2.000000,1.000000,0.000000,0.000000
2.595000,0.441616,-0.142833,0.478056,0.868928,-0.492870,-0.032584,-0.031347,0.000000,2.000000,1.000000,0.000000,0.000000
2.600000,0.442332,-0.141832,0.477704,0.869518,-0.491833,-0.032492,-0.031342,0.000000,2.000000,1.000000,0.000000,0.000000
2.605000,0.443044,-0.140830,0.477353,0.870108,-0.490794,-0.032408,-0.031358,0.000000,2.000000,1.000000,0.000000,0.000000
2.610000,0.443752,-0.139827,0.477004,0.870696,-0.489752,-0.032334,-0.031393,0.000000,2.000000,1.000000,0.000000,0.000000
2.615000,0.444457,-0.138823,0.476657,0.871283,-0.488708,-0.032266,-0.031447,0.000000,2.000000,1.000000,0.000000,0.000000
2.620000,0.445160,-0.137819,0.476311,0.871869,-0.487662,-0.032204,-0.031517,0.000000,2.000000,1.000000,0.000000,0.000000
2.625000,0.445860,-0.136815,0.475966,0.872454,-0.486613,-0.032145,-0.031604,0.000000,2.000000,1.000000,0.000000,0.000000
2.630000,0.446559,-0.135812,0.475623,0.873039,-0.485560,-0.032088,-0.031706,0.000000,2.000000,1.000000,0.000000,0.000000
2.635000,0.447256,-0.134808,0.475282,0.873623,-0.484504,-0.032034,-0.031824,0.000000,2.000000,1.000000,0.000000,0.000000
2.640000,0.447952,-0.133805,0.474941,0.874206,-0.483445,-0.031981,-0.031958,0.000000,2.000000,1.000000,0.000000,0.000000
2.645000,0.448646,-0.132802,0.474602,0.874790,-0.482382,-0.031930,-0.032107,0.000000,2.000000,1.000000,0.000000,0.000000
2.650000,0.449339,-0.131798,0.474264,0.875373,-0.481316,-0.031881,-0.032272,0.000000,2.000000,1.000000,0.000000,0.000000
2.655000,0.450031,-0.130793,0.473926,0.875955,-0.480245,-0.031833,-0.032453,0.000000,2.000000,1.000000,0.000000,0.000000
2.660000,0.450721,-0.129787,0.473589,0.876538,-0.479171,-0.031789,-0.032651,0.000000,2.000000,1.000000,0.000000,0.000000
2.665000,0.451409,-0.128779,0.473253,0.877119,-0.478094,-0.031748,-0.032864,0.000000,2.000000,1.000000,0.000000,0.000000
2.670000,0.452095,-0.127770,0.472918,0.877700,-0.477013,-0.031709,-0.033093,0.000000,2.000000,1.000000,0.000000,0.000000
2.675000,0.452780,-0.126759,0.472583,0.878281,-0.475929,-0.031674,-0.033338,0.000000,2.000000,1.000000,0.000000,0.000000
2.680000,0.453462,-0.125746,0.472250,0.878860,-0.474842,-0.031642,-0.033598,0.000000,2.000000,1.000000,0.000000,0.000000
2.685000,0.454142,-0.124731,0.471918,0.879439,-0.473752,-0.031612,-0.033874,0.000000,2.000000,1.000000,0.000000,0.000000
2.690000,0.454820,-0.123715,0.471587,0.880016,-0.472659,-0.031586,-0.034164,0.000000,2.000000,1.000000,0.000000,0.000000
2.695000,0.455496,-0.122696,0.471257,0.880593,-0.471564,-0.031562,-0.034467,0.000000,2.000000,1.000000,0.000000,0.000000
2.700000,0.456170,-0.121677,0.470929,0.881168,-0.470466,-0.031539,-0.034784,0.000000,2.000000,1.000000,0.000000,0.000000
2.705000,0.456841,-0.120656,0.470603,0.881742,-0.469366,-0.031518,-0.035113,0.000000,2.000000,1.000000,0.000000,0.000000
2.710000,0.457511,-0.119635,0.470279,0.882315,-0.468263,-0.031498,-0.035455,0.000000,2.000000,1.000000,0.000000,0.000000
2.715000,0.458179,-0.118612,0.469957,0.882887,-0.467159,-0.031479,-0.035808,0.000000,2.000000,1.000000,0.000000,0.000000
2.720000,0.458844,-0.117588,0.469637,0.883457,-0.466053,-0.031461,-0.036172,0.000000,2.000000,1.000000,0.000000,0.000000
2.725000,0.459508,-0.116564,0.469319,0.884026,-0.464945,-0.031443,-0.036547,0.000000,2.000000,1.000000,0.000000,0.000000
2.730000,0.460170,-0.115539,0.469003,0.884593,-0.463835,-0.031426,-0.036932,0.000000,2.000000,1.000000,0.000000,0.000000
2.735000,0.460830,-0.114513,0.468689,0.885159,-0.462724,-0.031408,-0.037327,0.000000,2.000000,1.000000,0.000000,0.000000
2.740000,0.461487,-0.113488,0.468378,0.885724,-0.461611,-0.031390,-0.037731,0.000000,2.000000,1.000000,0.000000,0.000000
2.745000,0.462143,-0.112462,0.468068,0.886286,-0.460497,-0.031372,-0.038143,0.000000,2.000000,1.000000,0.000000,0.000000
2.750000,0.462798,-0.111436,0.467762,0.886847,-0.459382,-0.031354,-0.038564,0.000000,2.000000,1.000000,0.000000,0.000000
2.755000,0.463450,-0.110409,0.467457,0.887407,-0.458266,-0.031335,-0.038993,0.000000,2.000000,1.000000,0.000000,0.000000
2.760000,0.464101,-0.109383,0.467155,0.887964,-0.457148,-0.031315,-0.039429,0.000000,2.000000,1.000000,0.000000,0.000000
2.765000,0.464750,-0.108357,0.466855,0.888520,-0.456030,-0.031295,-0.039872,0.000000,2.000000,1.000000,0.000000,0.000000
2.770000,0.465397,-0.107332,0.466557,0.889074,-0.454911,-0.031274,-0.040321,0.000000,2.000000,1.000000,0.000000,0.000000
2.775000,0.466042,-0.106308,0.466262,0.889626,-0.453792,-0.031252,-0.040776,0.000000,2.000000,1.000000,0.000000,0.000000
2.780000,0.466686,-0.105284,0.465969,0.890176,-0.452672,-0.031229,-0.041235,0.000000,2.000000,1.000000,0.000000,0.000000
2.785000,0.467328,-0.104261,0.465677,0.890724,-0.451552,-0.031205,-0.041700,0.000000,2.000000,1.000000,0.000000,0.000000
2.790000,0.467968,-0.103240,0.465389,0.891269,-0.450431,-0.031181,-0.042169,0.000000,2.000000,1.000000,0.000000,0.000000
2.795000,0.468606,-0.102219,0.465102,0.891813,-0.449311,-0.031155,-0.042643,0.000000,2.000000,1.000000,0.000000,0.000000
2.800000,0.469244,-0.101200,0.464817,0.892355,-0.448190,-0.031127,-0.043120,0.000000,2.000000,1.000000,0.000000,0.000000
2.805000,0.469879,-0.100183,0.464534,0.892894,-0.447070,-0.031097,-0.043600,0.000000,2.000000,1.000000,0.000000,0.000000
2.810000,0.470514,-0.099167,0.464254,0.893432,-0.445950,-0.031066,-0.044082,0.000000,2.000000,1.000000,0.000000,0.000000
2.815000,0.471147,-0.098154,0.463975,0.893967,-0.444830,-0.031031,-0.044567,0.000000,2.000000,1.000000,0.000000,0.000000
2.820000,0.471780,-0.097144,0.463698,0.894500,-0.443711,-0.030995,-0.045053,0.000000,2.000000,1.000000,0.000000,0.000000
2.825000,0.472411,-0.096135,0.463424,0.895030,-0.442593,-0.030956,-0.045541,0.000000,2.000000,1.000000,0.000000,0.000000
2.830000,0.473042,-0.095129,0.463151,0.895559,-0.441475,-0.030916,-0.046031,0.000000,2.000000,1.000000,0.000000,0.000000
2.835000,0.473671,-0.094124,0.462880,0.896085,-0.440357,-0.030875,-0.046524,0.000000,2.000000,1.000000,0.000000,0.000000
2.840000,0.474299,-0.093122,0.462611,0.896608,-0.439241,-0.030834,-0.047018,0.000000,2.000000,1.000000,0.000000,0.000000
2.845000,0.474926,-0.092121,0.462344,0.897129,-0.438125,-0.030792,-0.047514,0.000000,2.000000,1.000000,0.000000,0.000000
2.850000,0.475551,-0.091122,0.462079,0.897648,-0.437010,-0.030749,-0.048011,0.000000,2.000000,1.000000,0.000000,0.000000
2.855000,0.476175,-0.090125,0.461817,0.898164,-0.435897,-0.030706,-0.048510,0.000000,2.000000,1.000000,0.000000,0.000000
2.860000,0.476798,-0.089131,0.461557,0.898677,-0.434784,-0.030663,-0.049009,0.000000,2.000000,1.000000,-0.000000,0.000000
2.865000,0.477421,-0.088138,0.461300,0.899188,-0.433673,-0.030620,-0.049509,0.000000,2.000000,1.000000,0.000000,0.000000
2.870000,0.478042,-0.087149,0.461046,0.899696,-0.432564,-0.030575,-0.050007,0.000000,2.000000,1.000000,0.000000,0.000000
2.875000,0.478662,-0.086163,0.460795,0.900201,-0.431457,-0.030531,-0.050505,0.000000,2.000000,1.000000,0.000000,0.000000
2.880000,0.479281,-0.085180,0.460546,0.900704,-0.430351,-0.030485,-0.051002,0.000000,2.000000,1.000000,0.000000,0.000000
2.885000,0.479900,-0.084201,0.460301,0.901204,-0.429248,-0.030438,-0.051496,0.000000,2.000000,1.000000,0.000000,0.000000
2.890000,0.480518,-0.083226,0.460059,0.901701,-0.428147,-0.030387,-0.051988,0.000000,2.000000,1.000000,0.000000,0.000000
2.895000,0.481137,-0.082256,0.459821,0.902195,-0.427048,-0.030333,-0.052476,0.000000,2.000000,1.000000,0.000000,0.000000
2.900000,0.481757,-0.081291,0.459585,0.902687,-0.425951,-0.030273,-0.052960,0.000000,2.000000,1.000000,0.000000,0.000000
2.905000,0.482378,-0.080333,0.459353,0.903177,-0.424857,-0.030208,-0.053438,0.000000,2.000000,1.000000,0.000000,0.000000
2.910000,0.483000,-0.079381,0.459124,0.903663,-0.423766,-0.030137,-0.053911,0.000000,2.000000,1.000000,0.000000,0.000000
2.915000,0.483623,-0.078436,0.458898,0.904147,-0.422678,-0.030061,-0.054378,0.000000,2.000000,1.000000,0.000000,0.000000
2.920000,0.484247,-0.077498,0.458675,0.904629,-0.421593,-0.029978,-0.054840,0.000000,2.000000,1.000000,0.000000,0.000000
2.925000,0.484872,-0.076567,0.458455,0.905107,-0.420511,-0.029890,-0.055296,0.000000,2.000000,1.000000,0.000000,0.000000
2.930000,0.485500,-0.075643,0.458237,0.905583,-0.419432,-0.029797,-0.055747,0.000000,2.000000,1.000000,0.000000,0.000000
2.935000,0.486128,-0.074727,0.458021,0.906056,-0.418357,-0.029698,-0.056192,0.000000,2.000000,1.000000,0.000000,0.000000
2.940000,0.486758,-0.073818,0.457808,0.906526,-0.417286,-0.029595,-0.056631,0.000000,2.000000,1.000000,0.000000,0.000000
2.945000,0.487388,-0.072917,0.457596,0.906993,-0.416219,-0.029487,-0.057064,0.000000,2.000000,1.000000,0.000000,0.000000
2.950000,0.488020,-0.072024,0.457387,0.907456,-0.415156,-0.029374,-0.057491,0.000000,2.000000,1.000000,0.000000,0.000000
2.955000,0.488653,-0.071140,0.457180,0.907917,-0.414099,-0.029256,-0.057911,0.000000,2.000000,1.000000,0.000000,0.000000
2.960000,0.489287,-0.070263,0.456974,0.908373,-0.413047,-0.029133,-0.058325,0.000000,2.000000,1.000000,0.000000,0.000000
2.965000,0.489923,-0.069395,0.456769,0.908826,-0.412000,-0.029006,-0.058733,0.000000,2.000000,1.000000,0.000000,0.000000
2.970000,0.490559,-0.068535,0.456566,0.909275,-0.410959,-0.028875,-0.059133,0.000000,2.000000,1.000000,0.000000,0.000000
2.975000,0.491196,-0.067684,0.456364,0.909721,-0.409925,-0.028740,-0.059528,0.000000,2.000000,1.000000,0.000000,0.000000
2.980000,0.491833,-0.066842,0.456163,0.910163,-0.408896,-0.028601,-0.059915,0.000000,2.000000,1.000000,0.000000,0.000000
2.985000,0.492472,-0.066008,0.455963,0.910600,-0.407874,-0.028459,-0.060297,0.000000,2.000000,1.000000,0.000000,0.000000
2.990000,0.493112,-0.065183,0.455763,0.911034,-0.406858,-0.028314,-0.060673,0.000000,2.000000,1.000000,0.000000,0.000000
2.995000,0.493752,-0.064367,0.455564,0.911464,-0.405848,-0.028166,-0.061043,0.000000,2.000000,1.000000,0.000000,0.000000
3.000000,0.494393,-0.063560,0.455365,0.911891,-0.404845,-0.028015,-0.061408,0.000000,2.000000,1.000000,0.000000,0.000000
3.005000,0.495036,-0.062761,0.455166,0.912313,-0.403848,-0.027862,-0.061767,0.000000,2.000000,1.000000,0.000000,0.000000
3.010000,0.495679,-0.061973,0.454967,0.912732,-0.402857,-0.027706,-0.062121,0.000000,2.000000,1.000000,0.000000,0.000000
3.015000,0.496323,-0.061194,0.454769,0.913146,-0.401874,-0.027549,-0.062469,0.000000,2.000000,1.000000,0.000000,0.000000
3.020000,0.496968,-0.060424,0.454570,0.913557,-0.400897,-0.027389,-0.062812,0.000000,2.000000,1.000000,0.000000,0.000000
3.025000,0.497615,-0.059664,0.454372,0.913964,-0.399926,-0.027228,-0.063150,0.000000,2.000000,1.000000,0.000000,0.000000
3.030000,0.498262,-0.058915,0.454173,0.914366,-0.398963,-0.027065,-0.063484,0.000000,2.000000,1.000000,0.000000,0.000000
3.035000,0.498909,-0.058175,0.453974,0.914765,-0.398007,-0.026901,-0.063813,0.000000,2.000000,1.000000,0.000000,0.000000
3.040000,0.499558,-0.057447,0.453776,0.915159,-0.397059,-0.026736,-0.064136,0.000000,2.000000,1.000000,0.000000,0.000000
3.045000,0.500207,-0.056729,0.453576,0.915549,-0.396118,-0.026570,-0.064455,0.000000,2.000000,1.000000,0.000000,0.000000
3.050000,0.500856,-0.056023,0.453377,0.915935,-0.395186,-0.026403,-0.064769,0.000000,2.000000,1.000000,0.000000,0.000000
3.055000,0.501506,-0.055327,0.453178,0.916316,-0.394261,-0.026236,-0.065078,0.000000,2.000000,1.000000,0.000000,0.000000
3.060000,0.502157,-0.054643,0.452978,0.916693,-0.393345,-0.026068,-0.065384,0.000000,2.000000,1.000000,0.000000,0.000000
3.065000,0.502808,-0.053970,0.452778,0.917065,-0.392436,-0.025901,-0.065686,0.000000,2.000000,1.000000,0.000000,0.000000
3.070000,0.503459,-0.053309,0.452578,0.917433,-0.391536,-0.025734,-0.065984,0.000000,2.000000,1.000000,0.000000,0.000000
3.075000,0.504111,-0.052660,0.452377,0.917796,-0.390645,-0.025567,-0.066278,0.000000,2.000000,1.000000,0.000000,0.000000
3.080000,0.504763,-0.052023,0.452177,0.918155,-0.389763,-0.025401,-0.066568,0.000000,2.000000,1.000000,0.000000,0.000000
3.085000,0.505415,-0.051398,0.451976,0.918509,-0.388889,-0.025236,-0.066854,0.000000,2.000000,1.000000,0.000000,0.000000
3.090000,0.506067,-0.050785,0.451774,0.918858,-0.388025,-0.025071,-0.067138,0.000000,2.000000,1.000000,0.000000,0.000000
3.095000,0.506719,-0.050185,0.451573,0.919203,-0.387169,-0.024908,-0.067419,0.000000,2.000000,1.000000,0.000000,0.000000
3.100000,0.507371,-0.049597,0.451371,0.919543,-0.386322,-0.024747,-0.067697,0.000000,2.000000,1.000000,0.000000,0.000000
3.105000,0.508024,-0.049022,0.451170,0.919879,-0.385484,-0.024587,-0.067972,0.000000,2.000000,1.000000,0.000000,0.000000
3.110000,0.508676,-0.048459,0.450968,0.920210,-0.384656,-0.024428,-0.068245,0.000000,2.000000,1.000000,0.000000,0.000000
3.115000,0.509329,-0.047910,0.450766,0.920536,-0.383837,-0.024271,-0.068515,0.000000,2.000000,1.000000,0.000000,0.000000
3.120000,0.509982,-0.047374,0.450564,0.920857,-0.383027,-0.024115,-0.068783,0.000000,2.000000,1.000000,0.000000,0.000000
3.125000,0.510635,-0.046850,0.450362,0.921174,-0.382226,-0.023961,-0.069050,0.000000,2.000000,1.000000,-0.000000,0.000000
3.130000,0.511287,-0.046339,0.450160,0.921486,-0.381433,-0.023809,-0.069315,0.000000,2.000000,1.000000,0.000000,0.000000
3.135000,0.511940,-0.045838,0.449958,0.921795,-0.380648,-0.023658,-0.069581,0.000000,2.000000,1.000000,0.000000,0.000000
3.140000,0.512591,-0.045349,0.449754,0.922099,-0.379871,-0.023508,-0.069847,0.000000,2.000000,1.000000,0.000000,0.000000
3.145000,0.513241,-0.044870,0.449550,0.922399,-0.379102,-0.023359,-0.070113,0.000000,2.000000,1.000000,0.000000,0.000000
3.150000,0.513890,-0.044403,0.449346,0.922695,-0.378341,-0.023210,-0.070378,0.000000,2.000000,1.000000,0.000000,0.000000
3.155000,0.514539,-0.043948,0.449142,0.922987,-0.377589,-0.023063,-0.070644,0.000000,2.000000,1.000000,0.000000,0.000000
3.160000,0.515186,-0.043505,0.448938,0.923274,-0.376845,-0.022916,-0.070909,0.000000,2.000000,1.000000,0.000000,0.000000
3.165000,0.515833,-0.043073,0.448734,0.923557,-0.376110,-0.022770,-0.071174,0.000000,2.000000,1.000000,0.000000,0.000000
3.170000,0.516479,-0.042653,0.448531,0.923836,-0.375383,-0.022625,-0.071440,0.000000,2.000000,1.000000,0.000000,0.000000
3.175000,0.517124,-0.042245,0.448329,0.924110,-0.374665,-0.022481,-0.071706,0.000000,2.000000,1.000000,0.000000,0.000000
3.180000,0.517768,-0.041849,0.448127,0.924380,-0.373955,-0.022337,-0.071971,0.000000,2.000000,1.000000,0.000000,0.000000
3.185000,0.518412,-0.041465,0.447926,0.924646,-0.373255,-0.022194,-0.072237,0.000000,2.000000,1.000000,0.000000,0.000000
3.190000,0.519055,-0.041093,0.447727,0.924907,-0.372563,-0.022051,-0.072503,0.000000,2.000000,1.000000,0.000000,0.000000
3.195000,0.519697,-0.040734,0.447528,0.925165,-0.371880,-0.021909,-0.072769,0.000000,2.000000,1.000000,0.000000,0.000000
3.200000,0.520339,-0.040387,0.447331,0.925418,-0.371206,-0.021768,-0.073036,0.000000,2.000000,1.000000,0.000000,0.000000
3.205000,0.520980,-0.040052,0.447136,0.925667,-0.370541,-0.021627,-0.073303,0.000000,2.000000,1.000000,0.000000,0.000000
3.210000,0.521621,-0.039729,0.446942,0.925911,-0.369884,-0.021487,-0.073570,0.000000,2.000000,1.000000,0.000000,0.000000
3.215000,0.522262,-0.039419,0.446749,0.926152,-0.369236,-0.021348,-0.073837,0.000000,2.000000,1.000000,0.000000,0.000000
3.220000,0.522902,-0.039121,0.446559,0.926388,-0.368596,-0.021209,-0.074105,0.000000,2.000000,1.000000,0.000000,0.000000
3.225000,0.523543,-0.038836,0.446370,0.926621,-0.367965,-0.021071,-0.074374,0.000000,2.000000,1.000000,0.000000,0.000000
3.230000,0.524182,-0.038562,0.446183,0.926849,-0.367342,-0.020934,-0.074644,0.000000,2.000000,1.000000,0.000000,0.000000
3.235000,0.524822,-0.038301,0.445998,0.927074,-0.366728,-0.020798,-0.074914,0.000000,2.000000,1.000000,0.000000,0.000000
3.240000,0.525462,-0.038051,0.445815,0.927295,-0.366121,-0.020663,-0.075186,0.000000,2.000000,1.000000,0.000000,0.000000
3.245000,0.526102,-0.037814,0.445634,0.927512,-0.365522,-0.020529,-0.075458,0.000000,2.000000,1.000000,0.000000,0.000000
3.250000,0.526741,-0.037588,0.445455,0.927725,-0.364931,-0.020397,-0.075732,0.000000,2.000000,1.000000,0.000000,0.000000
3.255000,0.527381,-0.037374,0.445278,0.927935,-0.364348,-0.020266,-0.076007,0.000000,2.000000,1.000000,0.000000,0.000000
3.260000,0.528021,-0.037171,0.445103,0.928141,-0.363772,-0.020136,-0.076283,0.000000,2.000000,1.000000,0.000000,0.000000
3.265000,0.528661,-0.036980,0.444931,0.928343,-0.363204,-0.020009,-0.076560,0.000000,2.000000,1.000000,0.000000,0.000000
3.270000,0.529301,-0.036800,0.444760,0.928542,-0.362642,-0.019883,-0.076840,0.000000,2.000000,1.000000,0.000000,0.000000
3.275000,0.529942,-0.036631,0.444592,0.928738,-0.362088,-0.019759,-0.077120,0.000000,2.000000,1.000000,0.000000,0.000000
3.280000,0.530582,-0.036473,0.444426,0.928930,-0.361540,-0.019638,-0.077403,0.000000,2.000000,1.000000,0.000000,0.000000
3.285000,0.531223,-0.036326,0.444261,0.929120,-0.360999,-0.019519,-0.077687,0.000000,2.000000,1.000000,0.000000,0.000000
3.290000,0.531864,-0.036190,0.444099,0.929306,-0.360465,-0.019402,-0.077973,0.000000,2.000000,1.000000,0.000000,0.000000
3.295000,0.532505,-0.036063,0.443939,0.929488,-0.359937,-0.019288,-0.078262,0.000000,2.000000,1.000000,0.000000,0.000000
3.300000,0.533146,-0.035947,0.443781,0.929668,-0.359414,-0.019177,-0.078552,0.000000,2.000000,1.000000,0.000000,0.000000
3.305000,0.533788,-0.035841,0.443625,0.929845,-0.358898,-0.019069,-0.078844,0.000000,2.000000,1.000000,0.000000,0.000000
3.310000,0.534430,-0.035745,0.443470,0.930019,-0.358388,-0.018964,-0.079139,0.000000,2.000000,1.000000,0.000000,0.000000
3.315000,0.535072,-0.035658,0.443317,0.930190,-0.357883,-0.018862,-0.079435,0.000000,2.000000,1.000000,0.000000,0.000000
3.320000,0.535715,-0.035581,0.443166,0.930359,-0.357384,-0.018763,-0.079734,0.000000,2.000000,1.000000,0.000000,0.000000
3.325000,0.536358,-0.035514,0.443017,0.930524,-0.356890,-0.018668,-0.080035,0.000000,2.000000,1.000000,0.000000,0.000000
3.330000,0.537001,-0.035455,0.442869,0.930687,-0.356401,-0.018577,-0.080339,0.000000,2.000000,1.000000,0.000000,0.000000
3.335000,0.537645,-0.035405,0.442722,0.930848,-0.355917,-0.018489,-0.080645,0.000000,2.000000,1.000000,0.000000,0.000000
3.340000,0.538289,-0.035364,0.442577,0.931006,-0.355438,-0.018405,-0.080953,0.000000,2.000000,1.000000,0.000000,0.000000
3.345000,0.538934,-0.035332,0.442433,0.931161,-0.354963,-0.018324,-0.081263,0.000000,2.000000,1.000000,0.000000,0.000000
3.350000,0.539578,-0.035308,0.442290,0.931315,-0.354494,-0.018248,-0.081576,0.000000,2.000000,1.000000,0.000000,0.000000
3.355000,0.540223,-0.035293,0.442147,0.931465,-0.354028,-0.018177,-0.081890,0.000000,2.000000,1.000000,0.000000,0.000000
3.360000,0.540868,-0.035286,0.442006,0.931614,-0.353568,-0.018109,-0.082207,0.000000,2.000000,1.000000,0.000000,0.000000
3.365000,0.541514,-0.035286,0.441865,0.931760,-0.353112,-0.018046,-0.082526,0.000000,2.000000,1.000000,0.000000,0.000000
3.370000,0.542159,-0.035295,0.441725,0.931903,-0.352660,-0.017987,-0.082847,0.000000,2.000000,1.000000,0.000000,0.000000
3.375000,0.542805,-0.035312,0.441586,0.932045,-0.352212,-0.017933,-0.083170,0.000000,2.000000,1.000000,0.000000,0.000000
3.380000,0.543450,-0.035336,0.441447,0.932184,-0.351769,-0.017883,-0.083495,0.000000,2.000000,1.000000,0.000000,0.000000
3.385000,0.544096,-0.035368,0.441308,0.932321,-0.351330,-0.017837,-0.083821,0.000000,2.000000,1.000000,0.000000,0.000000
3.390000,0.544742,-0.035408,0.441169,0.932456,-0.350896,-0.017797,-0.084149,0.000000,2.000000,1.000000,-0.000000,0.000000
3.395000,0.545387,-0.035455,0.441030,0.932589,-0.350465,-0.017760,-0.084479,0.000000,2.000000,1.000000,0.000000,0.000000
3.400000,0.546033,-0.035509,0.440891,0.932719,-0.350039,-0.017728,-0.084811,0.000000,2.000000,1.000000,0.000000,0.000000
3.405000,0.546679,-0.035570,0.440752,0.932848,-0.349617,-0.017700,-0.085144,0.000000,2.000000,1.000000,0.000000,0.000000
3.410000,0.547324,-0.035639,0.440613,0.932974,-0.349198,-0.017677,-0.085479,0.000000,2.000000,1.000000,0.000000,0.000000
3.415000,0.547970,-0.035715,0.440474,0.933099,-0.348784,-0.017658,-0.085815,0.000000,2.000000,1.000000,0.000000,0.000000
3.420000,0.548615,-0.035798,0.440333,0.933221,-0.348375,-0.017642,-0.086153,0.000000,2.000000,1.000000,0.000000,0.000000
3.425000,0.549260,-0.035888,0.440193,0.933341,-0.347969,-0.017631,-0.086492,0.000000,2.000000,1.000000,0.000000,0.000000
3.430000,0.549905,-0.035985,0.440051,0.933459,-0.347568,-0.017624,-0.086832,0.000000,2.000000,1.000000,0.000000,0.000000
3.435000,0.550550,-0.036089,0.439909,0.933575,-0.347171,-0.017621,-0.087173,0.000000,2.000000,1.000000,0.000000,0.000000
3.440000,0.551195,-0.036200,0.439766,0.933689,-0.346778,-0.017621,-0.087516,0.000000,2.000000,1.000000,0.000000,0.000000
3.445000,0.551840,-0.036318,0.439622,0.933801,-0.346389,-0.017626,-0.087860,0.000000,2.000000,1.000000,0.000000,0.000000
3.450000,0.552484,-0.036443,0.439476,0.933911,-0.346004,-0.017633,-0.088204,0.000000,2.000000,1.000000,0.000000,0.000000
3.455000,0.553128,-0.036574,0.439330,0.934019,-0.345624,-0.017644,-0.088550,0.000000,2.000000,1.000000,0.000000,0.000000
3.460000,0.553772,-0.036712,0.439183,0.934125,-0.345248,-0.017659,-0.088897,0.000000,2.000000,1.000000,0.000000,0.000000
3.465000,0.554415,-0.036857,0.439034,0.934229,-0.344876,-0.017676,-0.089244,0.000000,2.000000,1.000000,0.000000,0.000000
3.470000,0.555059,-0.037008,0.438884,0.934331,-0.344508,-0.017697,-0.089593,0.000000,2.000000,1.000000,0.000000,0.000000
3.475000,0.555702,-0.037166,0.438732,0.934431,-0.344144,-0.017721,-0.089943,0.000000,2.000000,1.000000,0.000000,0.000000
3.480000,0.556344,-0.037330,0.438579,0.934529,-0.343785,-0.017748,-0.090294,0.000000,2.000000,1.000000,0.000000,0.000000
3.485000,0.556987,-0.037500,0.438424,0.934625,-0.343429,-0.017777,-0.090646,0.000000,2.000000,1.000000,0.000000,0.000000
3.490000,0.557629,-0.037677,0.438268,0.934719,-0.343078,-0.017810,-0.090998,0.000000,2.000000,1.000000,0.000000,0.000000
3.495000,0.558270,-0.037860,0.438110,0.934811,-0.342731,-0.017846,-0.091351,0.000000,2.000000,1.000000,-0.000000,0.000000
3.500000,0.558911,-0.038049,0.437950,0.934901,-0.342389,-0.017884,-0.091705,0.000000,2.000000,1.000000,0.000000,0.000000
3.505000,0.559551,-0.038244,0.437788,0.934990,-0.342050,-0.017925,-0.092060,0.000000,2.000000,1.000000,0.000000,0.000000
3.510000,0.560191,-0.038444,0.437625,0.935076,-0.341715,-0.017969,-0.092416,0.000000,2.000000,1.000000,0.000000,0.000000
3.515000,0.560830,-0.038650,0.437459,0.935161,-0.341384,-0.018016,-0.092773,0.000000,2.000000,1.000000,0.000000,0.000000
3.520000,0.561469,-0.038862,0.437292,0.935243,-0.341058,-0.018065,-0.093130,0.000000,2.000000,1.000000,0.000000,0.000000
3.525000,0.562107,-0.039080,0.437122,0.935324,-0.340735,-0.018116,-0.093487,0.000000,2.000000,1.000000,0.000000,0.000000
3.530000,0.562744,-0.039303,0.436951,0.935403,-0.340417,-0.018171,-0.093845,0.000000,2.000000,1.000000,0.000000,0.000000
3.535000,0.563380,-0.039531,0.436777,0.935481,-0.340102,-0.018227,-0.094204,0.000000,2.000000,1.000000,0.000000,0.000000
3.540000,0.564016,-0.039765,0.436601,0.935556,-0.339792,-0.018286,-0.094563,0.000000,2.000000,1.000000,0.000000,0.000000
3.545000,0.564650,-0.040004,0.436424,0.935630,-0.339485,-0.018347,-0.094922,0.000000,2.000000,1.000000,0.000000,0.000000
3.550000,0.565284,-0.040248,0.436244,0.935702,-0.339182,-0.018411,-0.095282,0.000000,2.000000,1.000000,0.000000,0.000000
3.555000,0.565916,-0.040496,0.436061,0.935772,-0.338883,-0.018477,-0.095642,0.000000,2.000000,1.000000,0.000000,0.000000
3.560000,0.566548,-0.040750,0.435877,0.935841,-0.338588,-0.018545,-0.096002,0.000000,2.000000,1.000000,0.000000,0.000000
3.565000,0.567178,-0.041008,0.435690,0.935908,-0.338297,-0.018616,-0.096363,0.000000,2.000000,1.000000,0.000000,0.000000
3.570000,0.567808,-0.041271,0.435502,0.935973,-0.338009,-0.018688,-0.096723,0.000000,2.000000,1.000000,0.000000,0.000000
3.575000,0.568436,-0.041538,0.435311,0.936037,-0.337725,-0.018763,-0.097084,0.000000,2.000000,1.000000,0.000000,0.000000
3.580000,0.569063,-0.041810,0.435117,0.936099,-0.337445,-0.018839,-0.097444,0.000000,2.000000,1.000000,0.000000,0.000000
3.585000,0.569689,-0.042085,0.434922,0.936159,-0.337168,-0.018918,-0.097805,0.000000,2.000000,1.000000,0.000000,0.000000
3.590000,0.570313,-0.042365,0.434725,0.936218,-0.336894,-0.018998,-0.098165,0.000000,2.000000,1.000000,0.000000,0.000000
3.595000,0.570936,-0.042649,0.434525,0.936276,-0.336625,-0.019079,-0.098524,0.000000,2.000000,1.000000,0.000000,0.000000
3.600000,0.571558,-0.042937,0.434324,0.936332,-0.336358,-0.019163,-0.098884,0.000000,2.000000,1.000000,0.000000,0.000000
3.605000,0.572179,-0.043228,0.434120,0.936387,-0.336095,-0.019247,-0.099243,0.000000,2.000000,1.000000,0.000000,0.000000
3.610000,0.572798,-0.043523,0.433915,0.936441,-0.335835,-0.019334,-0.099601,0.000000,2.000000,1.000000,0.000000,0.000000
3.615000,0.573416,-0.043822,0.433707,0.936493,-0.335578,-0.019421,-0.099958,0.000000,2.000000,1.000000,0.000000,0.000000
3.620000,0.574032,-0.044124,0.433498,0.936543,-0.335325,-0.019510,-0.100315,0.000000,2.000000,1.000000,0.000000,0.000000
3.625000,0.574647,-0.044429,0.433288,0.936593,-0.335074,-0.019599,-0.100671,0.000000,2.000000,1.000000,0.000000,0.000000
3.630000,0.575260,-0.044738,0.433076,0.936641,-0.334827,-0.019690,-0.101025,0.000000,2.000000,1.000000,0.000000,0.000000
3.635000,0.575872,-0.045049,0.432862,0.936688,-0.334583,-0.019781,-0.101379,0.000000,2.000000,1.000000,0.000000,0.000000
3.640000,0.576481,-0.045363,0.432647,0.936734,-0.334342,-0.019873,-0.101732,0.000000,2.000000,1.000000,0.000000,0.000000
3.645000,0.577089,-0.045681,0.432430,0.936779,-0.334103,-0.019966,-0.102083,0.000000,2.000000,1.000000,0.000000,0.000000
3.650000,0.577696,-0.046001,0.432213,0.936823,-0.333868,-0.020059,-0.102433,0.000000,2.000000,1.000000,0.000000,0.000000
3.655000,0.578300,-0.046323,0.431994,0.936866,-0.333635,-0.020153,-0.102781,0.000000,2.000000,1.000000,0.000000,0.000000
3.660000,0.578903,-0.046649,0.431775,0.936907,-0.333406,-0.020247,-0.103127,0.000000,2.000000,1.000000,0.000000,0.000000
3.665000,0.579504,-0.046976,0.431555,0.936948,-0.333179,-0.020341,-0.103472,0.000000,2.000000,1.000000,0.000000,0.000000
3.670000,0.580102,-0.047307,0.431334,0.936988,-0.332954,-0.020435,-0.103815,0.000000,2.000000,1.000000,0.000000,0.000000
3.675000,0.580699,-0.047639,0.431112,0.937027,-0.332733,-0.020529,-0.104155,0.000000,2.000000,1.000000,0.000000,0.000000
3.680000,0.581294,-0.047974,0.430890,0.937065,-0.332514,-0.020623,-0.104494,0.000000,2.000000,1.000000,0.000000,0.000000
3.685000,0.581886,-0.048310,0.430668,0.937102,-0.332297,-0.020716,-0.104831,0.000000,2.000000,1.000000,0.000000,0.000000
3.690000,0.582477,-0.048649,0.430446,0.937138,-0.332084,-0.020808,-0.105164,0.000000,2.000000,1.000000,0.000000,0.000000
3.695000,0.583065,-0.048990,0.430224,0.937174,-0.331872,-0.020900,-0.105496,0.000000,2.000000,1.000000,0.000000,0.000000
3.700000,0.583652,-0.049333,0.430003,0.937209,-0.331664,-0.020990,-0.105824,0.000000,2.000000,1.000000,0.000000,0.000000
3.705000,0.584236,-0.049678,0.429781,0.937243,-0.331458,-0.021079,-0.106150,0.000000,2.000000,1.000000,0.000000,0.000000
3.710000,0.584818,-0.050025,0.429561,0.937276,-0.331254,-0.021167,-0.106473,0.000000,2.000000,1.000000,0.000000,0.000000
3.715000,0.585398,-0.050374,0.429341,0.937308,-0.331055,-0.021254,-0.106793,0.000000,2.000000,1.000000,0.000000,0.000000
3.720000,0.585976,-0.050724,0.429122,0.937339,-0.330859,-0.021339,-0.107110,0.000000,2.000000,1.000000,0.000000,0.000000
3.725000,0.586552,-0.051077,0.428904,0.937369,-0.330667,-0.021421,-0.107424,0.000000,2.000000,1.000000,0.000000,0.000000
3.730000,0.587125,-0.051430,0.428687,0.937398,-0.330479,-0.021502,-0.107735,0.000000,2.000000,1.000000,0.000000,0.000000
3.735000,0.587697,-0.051786,0.428472,0.937426,-0.330294,-0.021581,-0.108043,0.000000,2.000000,1.000000,0.000000,0.000000
3.740000,0.588267,-0.052142,0.428259,0.937452,-0.330113,-0.021657,-0.108348,0.000000,2.000000,1.000000,0.000000,0.000000
3.745000,0.588835,-0.052500,0.428047,0.937478,-0.329936,-0.021731,-0.108650,0.000000,2.000000,1.000000,0.000000,0.000000
3.750000,0.589400,-0.052859,0.427837,0.937503,-0.329763,-0.021803,-0.108949,0.000000,2.000000,1.000000,0.000000,0.000000
3.755000,0.589963,-0.053220,0.427629,0.937526,-0.329594,-0.021871,-0.109244,0.000000,2.000000,1.000000,0.000000,0.000000
3.760000,0.590525,-0.053582,0.427424,0.937549,-0.329428,-0.021938,-0.109535,0.000000,2.000000,1.000000,0.000000,0.000000
3.765000,0.591084,-0.053945,0.427221,0.937570,-0.329267,-0.022001,-0.109823,0.000000,2.000000,1.000000,0.000000,0.000000
3.770000,0.591641,-0.054309,0.427020,0.937591,-0.329109,-0.022061,-0.110107,0.000000,2.000000,1.000000,0.000000,0.000000
3.775000,0.592196,-0.054675,0.426823,0.937611,-0.328954,-0.022118,-0.110388,0.000000,2.000000,1.000000,0.000000,0.000000
3.780000,0.592749,-0.055042,0.426627,0.937630,-0.328803,-0.022173,-0.110665,0.000000,2.000000,1.000000,0.000000,0.000000
3.785000,0.593299,-0.055410,0.426435,0.937648,-0.328656,-0.022224,-0.110938,0.000000,2.000000,1.000000,0.000000,0.000000
3.790000,0.593847,-0.055779,0.426246,0.937666,-0.328512,-0.022271,-0.111206,0.000000,2.000000,1.000000,0.000000,0.000000
3.795000,0.594394,-0.056150,0.426060,0.937682,-0.328372,-0.022315,-0.111470,0.000000,2.000000,1.000000,0.000000,0.000000
3.800000,0.594937,-0.056522,0.425877,0.937699,-0.328235,-0.022356,-0.111729,0.000000,2.000000,1.000000,0.000000,0.000000
3.805000,0.595479,-0.056896,0.425698,0.937714,-0.328101,-0.022393,-0.111984,0.000000,2.000000,1.000000,0.000000,0.000000
3.810000,0.596018,-0.057271,0.425521,0.937729,-0.327971,-0.022427,-0.112234,0.000000,2.000000,1.000000,0.000000,0.000000
3.815000,0.596555,-0.057647,0.425348,0.937743,-0.327843,-0.022457,-0.112480,0.000000,2.000000,1.000000,0.000000,0.000000
3.820000,0.597090,-0.058025,0.425179,0.937757,-0.327719,-0.022483,-0.112721,0.000000,2.000000,1.000000,0.000000,0.000000
3.825000,0.597622,-0.058404,0.425013,0.937771,-0.327598,-0.022505,-0.112958,0.000000,2.000000,1.000000,0.000000,0.000000
3.830000,0.598152,-0.058785,0.424850,0.937783,-0.327480,-0.022524,-0.113189,0.000000,2.000000,1.000000,0.000000,0.000000
3.835000,0.598680,-0.059167,0.424691,0.937796,-0.327366,-0.022538,-0.113415,0.000000,2.000000,1.000000,0.000000,0.000000
3.840000,0.599205,-0.059551,0.424536,0.937808,-0.327254,-0.022549,-0.113636,0.000000,2.000000,1.000000,0.000000,0.000000
3.845000,0.599728,-0.059937,0.424385,0.937819,-0.327146,-0.022556,-0.113853,0.000000,2.000000,1.000000,0.000000,0.000000
3.850000,0.600249,-0.060324,0.424237,0.937830,-0.327041,-0.022559,-0.114064,0.000000,2.000000,1.000000,0.000000,0.000000
3.855000,0.600767,-0.060713,0.424092,0.937840,-0.326938,-0.022558,-0.114270,0.000000,2.000000,1.000000,0.000000,0.000000
3.860000,0.601282,-0.061104,0.423951,0.937850,-0.326840,-0.022554,-0.114472,0.000000,2.000000,1.000000,0.000000,0.000000
3.865000,0.601795,-0.061497,0.423814,0.937860,-0.326744,-0.022545,-0.114668,0.000000,2.000000,1.000000,0.000000,0.000000
3.870000,0.602305,-0.061892,0.423680,0.937869,-0.326652,-0.022533,-0.114858,0.000000,2.000000,1.000000,0.000000,0.000000
3.875000,0.602813,-0.062290,0.423549,0.937878,-0.326563,-0.022517,-0.115044,0.000000,2.000000,1.000000,0.000000,0.000000
3.880000,0.603318,-0.062689,0.423422,0.937886,-0.326477,-0.022497,-0.115225,0.000000,2.000000,1.000000,0.000000,0.000000
3.885000,0.603821,-0.063090,0.423298,0.937894,-0.326395,-0.022474,-0.115400,0.000000,2.000000,1.000000,0.000000,0.000000
3.890000,0.604320,-0.063495,0.423178,0.937901,-0.326316,-0.022447,-0.115570,0.000000,2.000000,1.000000,0.000000,0.000000
3.895000,0.604817,-0.063901,0.423060,0.937908,-0.326240,-0.022416,-0.115734,0.000000,2.000000,1.000000,0.000000,0.000000
3.900000,0.605311,-0.064311,0.422946,0.937914,-0.326168,-0.022381,-0.115892,0.000000,2.000000,1.000000,0.000000,0.000000
3.905000,0.605802,-0.064723,0.422835,0.937920,-0.326100,-0.022342,-0.116045,0.000000,2.000000,1.000000,0.000000,0.000000
3.910000,0.606291,-0.065138,0.422727,0.937925,-0.326034,-0.022300,-0.116194,0.000000,2.000000,1.000000,0.000000,0.000000
3.915000,0.606776,-0.065556,0.422621,0.937930,-0.325972,-0.022254,-0.116336,0.000000,2.000000,1.000000,0.000000,0.000000
3.920000,0.607259,-0.065977,0.422519,0.937935,-0.325913,-0.022205,-0.116474,0.000000,2.000000,1.000000,0.000000,0.000000
3.925000,0.607738,-0.066402,0.422419,0.937939,-0.325858,-0.022152,-0.116606,0.000000,2.000000,1.000000,0.000000,0.000000
3.930000,0.608215,-0.066829,0.422321,0.937942,-0.325807,-0.022095,-0.116733,0.000000,2.000000,1.000000,0.000000,0.000000
3.935000,0.608689,-0.067261,0.422226,0.937944,-0.325760,-0.022035,-0.116855,0.000000,2.000000,1.000000,0.000000,0.000000
3.940000,0.609159,-0.067695,0.422133,0.937947,-0.325716,-0.021972,-0.116971,0.000000,2.000000,1.000000,0.000000,0.000000
3.945000,0.609627,-0.068133,0.422042,0.937948,-0.325676,-0.021906,-0.117084,0.000000,2.000000,1.000000,0.000000,0.000000
3.950000,0.610092,-0.068575,0.421953,0.937949,-0.325640,-0.021836,-0.117191,0.000000,2.000000,1.000000,0.000000,0.000000
3.955000,0.610553,-0.069020,0.421866,0.937949,-0.325608,-0.021762,-0.117294,0.000000,2.000000,1.000000,0.000000,0.000000
3.960000,0.611011,-0.069470,0.421781,0.937948,-0.325580,-0.021686,-0.117392,0.000000,2.000000,1.000000,0.000000,0.000000
3.965000,0.611467,-0.069923,0.421697,0.937946,-0.325557,-0.021607,-0.117486,0.000000,2.000000,1.000000,0.000000,0.000000
3.970000,0.611919,-0.070380,0.421615,0.937944,-0.325537,-0.021524,-0.117576,0.000000,2.000000,1.000000,0.000000,0.000000
3.975000,0.612368,-0.070841,0.421533,0.937940,-0.325523,-0.021438,-0.117661,0.000000,2.000000,1.000000,0.000000,0.000000
3.980000,0.612815,-0.071307,0.421453,0.937935,-0.325512,-0.021350,-0.117743,0.000000,2.000000,1.000000,0.000000,0.000000
3.985000,0.613258,-0.071777,0.421374,0.937930,-0.325505,-0.021258,-0.117822,0.000000,2.000000,1.000000,0.000000,0.000000
3.990000,0.613698,-0.072251,0.421295,0.937923,-0.325503,-0.021163,-0.117897,0.000000,2.000000,1.000000,0.000000,0.000000
3.995000,0.614135,-0.072729,0.421217,0.937915,-0.325507,-0.021066,-0.117968,0.000000,2.000000,1.000000,0.000000,0.000000
4.000000,0.614569,-0.073212,0.421140,0.937906,-0.325515,-0.020966,-0.118036,0.000000,2.000000,1.000000,0.000000,0.000000
4.005000,0.614999,-0.073700,0.421063,0.937896,-0.325528,-0.020863,-0.118100,0.000000,2.000000,1.000000,0.000000,0.000000
4.010000,0.615427,-0.074193,0.420986,0.937884,-0.325545,-0.020758,-0.118162,0.000000,2.000000,1.000000,0.000000,0.000000
4.015000,0.615851,-0.074691,0.420909,0.937872,-0.325568,-0.020650,-0.118221,0.000000,2.000000,1.000000,0.000000,0.000000
4.020000,0.616272,-0.075193,0.420831,0.937857,-0.325595,-0.020539,-0.118277,0.000000,2.000000,1.000000,0.000000,0.000000
4.025000,0.616690,-0.075700,0.420754,0.937842,-0.325628,-0.020426,-0.118330,0.000000,2.000000,1.000000,0.000000,0.000000
4.030000,0.617105,-0.076213,0.420676,0.937825,-0.325666,-0.020311,-0.118381,0.000000,2.000000,1.000000,0.000000,0.000000
4.035000,0.617516,-0.076731,0.420597,0.937806,-0.325710,-0.020194,-0.118429,0.000000,2.000000,1.000000,0.000000,0.000000
4.040000,0.617924,-0.077255,0.420517,0.937785,-0.325760,-0.020074,-0.118474,0.000000,2.000000,1.000000,0.000000,0.000000
4.045000,0.618329,-0.077784,0.420437,0.937763,-0.325815,-0.019953,-0.118518,0.000000,2.000000,1.000000,0.000000,0.000000
4.050000,0.618730,-0.078319,0.420355,0.937740,-0.325876,-0.019830,-0.118559,0.000000,2.000000,1.000000,0.000000,0.000000
4.055000,0.619127,-0.078860,0.420271,0.937714,-0.325943,-0.019705,-0.118599,0.000000,2.000000,1.000000,0.000000,0.000000
4.060000,0.619521,-0.079408,0.420186,0.937686,-0.326017,-0.019579,-0.118636,0.000000,2.000000,1.000000,0.000000,0.000000
4.065000,0.619912,-0.079961,0.420099,0.937657,-0.326097,-0.019451,-0.118671,0.000000,2.000000,1.000000,0.000000,0.000000
4.070000,0.620298,-0.080522,0.420010,0.937625,-0.326184,-0.019322,-0.118704,0.000000,2.000000,1.000000,0.000000,0.000000
4.075000,0.620681,-0.081088,0.419919,0.937591,-0.326277,-0.019191,-0.118736,0.000000,2.000000,1.000000,0.000000,0.000000
4.080000,0.621061,-0.081662,0.419825,0.937555,-0.326377,-0.019059,-0.118767,0.000000,2.000000,1.000000,0.000000,0.000000
4.085000,0.621436,-0.082242,0.419729,0.937517,-0.326483,-0.018926,-0.118797,0.000000,2.000000,1.000000,0.000000,0.000000
4.090000,0.621808,-0.082829,0.419630,0.937477,-0.326596,-0.018791,-0.118825,0.000000,2.000000,1.000000,0.000000,0.000000
4.095000,0.622176,-0.083424,0.419529,0.937434,-0.326717,-0.018655,-0.118851,0.000000,2.000000,1.000000,0.000000,0.000000
4.100000,0.622540,-0.084027,0.419424,0.937389,-0.326845,-0.018518,-0.118876,0.000000,2.000000,1.000000,0.000000,0.000000
4.105000,0.622901,-0.084637,0.419316,0.937341,-0.326981,-0.018380,-0.118900,0.000000,2.000000,1.000000,0.000000,0.000000
4.110000,0.623257,-0.085256,0.419205,0.937291,-0.327124,-0.018240,-0.118924,0.000000,2.000000,1.000000,0.000000,0.000000
4.115000,0.623610,-0.085882,0.419090,0.937239,-0.327274,-0.018099,-0.118946,0.000000,2.000000,1.000000,0.000000,0.000000
4.120000,0.623959,-0.086517,0.418972,0.937184,-0.327431,-0.017957,-0.118968,0.000000,2.000000,1.000000,0.000000,0.000000
4.125000,0.624304,-0.087160,0.418849,0.937126,-0.327596,-0.017813,-0.118989,0.000000,2.000000,1.000000,0.000000,0.000000
4.130000,0.624645,-0.087812,0.418723,0.937066,-0.327768,-0.017668,-0.119008,0.000000,2.000000,1.000000,0.000000,0.000000
4.135000,0.624982,-0.088474,0.418593,0.937003,-0.327949,-0.017522,-0.119027,0.000000,2.000000,1.000000,0.000000,0.000000
4.140000,0.625314,-0.089144,0.418459,0.936938,-0.328138,-0.017375,-0.119044,0.000000,2.000000,1.000000,0.000000,0.000000
4.145000,0.625643,-0.089824,0.418320,0.936870,-0.328334,-0.017226,-0.119061,0.000000,2.000000,1.000000,0.000000,0.000000
4.150000,0.625968,-0.090514,0.418177,0.936799,-0.328538,-0.017077,-0.119077,0.000000,2.000000,1.000000,0.000000,0.000000
4.155000,0.626289,-0.091213,0.418030,0.936725,-0.328749,-0.016925,-0.119093,0.000000,2.000000,1.000000,0.000000,0.000000
4.160000,0.626605,-0.091922,0.417878,0.936649,-0.328968,-0.016773,-0.119108,0.000000,2.000000,1.000000,0.000000,0.000000
4.165000,0.626918,-0.092641,0.417721,0.936570,-0.329197,-0.016619,-0.119122,0.000000,2.000000,1.000000,0.000000,0.000000
4.170000,0.627226,-0.093371,0.417560,0.936487,-0.329435,-0.016464,-0.119135,0.000000,2.000000,1.000000,0.000000,0.000000
4.175000,0.627531,-0.094110,0.417394,0.936401,-0.329683,-0.016308,-0.119147,0.000000,2.000000,1.000000,0.000000,0.000000
4.180000,0.627831,-0.094860,0.417223,0.936312,-0.329941,-0.016151,-0.119160,0.000000,2.000000,1.000000,0.000000,0.000000
4.185000,0.628128,-0.095620,0.417048,0.936218,-0.330209,-0.015993,-0.119172,0.000000,2.000000,1.000000,0.000000,0.000000
4.190000,0.628421,-0.096390,0.416868,0.936121,-0.330487,-0.015833,-0.119185,0.000000,2.000000,1.000000,0.000000,0.000000
4.195000,0.628710,-0.097171,0.416683,0.936020,-0.330776,-0.015672,-0.119197,0.000000,2.000000,1.000000,0.000000,0.000000
4.200000,0.628996,-0.097962,0.416494,0.935915,-0.331076,-0.015511,-0.119208,0.000000,2.000000,1.000000,0.000000,0.000000
4.205000,0.629277,-0.098764,0.416300,0.935807,-0.331386,-0.015348,-0.119219,0.000000,2.000000,1.000000,0.000000,0.000000
4.210000,0.629555,-0.099576,0.416101,0.935695,-0.331706,-0.015184,-0.119230,0.000000,2.000000,1.000000,0.000000,0.000000
4.215000,0.629830,-0.100399,0.415897,0.935579,-0.332037,-0.015019,-0.119241,0.000000,2.000000,1.000000,0.000000,0.000000
4.220000,0.630101,-0.101232,0.415689,0.935459,-0.332378,-0.014853,-0.119251,0.000000,2.000000,1.000000,0.000000,0.000000
4.225000,0.630368,-0.102076,0.415476,0.935336,-0.332729,-0.014686,-0.119260,0.000000,2.000000,1.000000,0.000000,0.000000
4.230000,0.630631,-0.102932,0.415258,0.935208,-0.333091,-0.014517,-0.119269,0.000000,2.000000,1.000000,0.000000,0.000000
4.235000,0.630891,-0.103798,0.415036,0.935077,-0.333463,-0.014348,-0.119277,0.000000,2.000000,1.000000,0.000000,0.000000
4.240000,0.631148,-0.104675,0.414810,0.934943,-0.333845,-0.014177,-0.119284,0.000000,2.000000,1.000000,0.000000,0.000000
4.245000,0.631401,-0.105563,0.414579,0.934804,-0.334237,-0.014005,-0.119291,0.000000,2.000000,1.000000,0.000000,0.000000
4.250000,0.631650,-0.106462,0.414344,0.934663,-0.334638,-0.013832,-0.119298,0.000000,2.000000,1.000000,0.000000,0.000000
4.255000,0.631896,-0.107371,0.414105,0.934517,-0.335049,-0.013658,-0.119304,0.000000,2.000000,1.000000,0.000000,0.000000
4.260000,0.632139,-0.108292,0.413861,0.934368,-0.335470,-0.013483,-0.119309,0.000000,2.000000,1.000000,0.000000,0.000000
4.265000,0.632378,-0.109223,0.413614,0.934215,-0.335900,-0.013306,-0.119314,0.000000,2.000000,1.000000,0.000000,0.000000
4.270000,0.632614,-0.110165,0.413363,0.934059,-0.336339,-0.013129,-0.119318,0.000000,2.000000,1.000000,0.000000,0.000000
4.275000,0.632847,-0.111117,0.413108,0.933900,-0.336787,-0.012950,-0.119322,0.000000,2.000000,1.000000,0.000000,0.000000
4.280000,0.633076,-0.112080,0.412850,0.933737,-0.337243,-0.012770,-0.119324,0.000000,2.000000,1.000000,0.000000,0.000000
4.285000,0.633302,-0.113053,0.412588,0.933571,-0.337708,-0.012589,-0.119327,0.000000,2.000000,1.000000,0.000000,0.000000
4.290000,0.633525,-0.114037,0.412324,0.933402,-0.338181,-0.012407,-0.119329,0.000000,2.000000,1.000000,0.000000,0.000000
4.295000,0.633745,-0.115030,0.412056,0.933230,-0.338663,-0.012224,-0.119330,0.000000,2.000000,1.000000,0.000000,0.000000
4.300000,0.633962,-0.116034,0.411785,0.933055,-0.339151,-0.012040,-0.119331,0.000000,2.000000,1.000000,0.000000,0.000000
4.305000,0.634175,-0.117047,0.411512,0.932877,-0.339647,-0.011856,-0.119332,0.000000,2.000000,1.000000,0.000000,0.000000
4.310000,0.634386,-0.118070,0.411236,0.932696,-0.340149,-0.011670,-0.119334,0.000000,2.000000,1.000000,0.000000,0.000000
4.315000,0.634593,-0.119102,0.410958,0.932512,-0.340658,-0.011484,-0.119336,0.000000,2.000000,1.000000,0.000000,0.000000
4.320000,0.634797,-0.120143,0.410678,0.932326,-0.341173,-0.011298,-0.119338,0.000000,2.000000,1.000000,0.000000,0.000000
4.325000,0.634999,-0.121194,0.410396,0.932137,-0.341694,-0.011110,-0.119341,0.000000,2.000000,1.000000,0.000000,0.000000
4.330000,0.635197,-0.122254,0.410113,0.931946,-0.342221,-0.010922,-0.119344,0.000000,2.000000,1.000000,0.000000,0.000000
4.335000,0.635391,-0.123323,0.409828,0.931752,-0.342754,-0.010734,-0.119346,0.000000,2.000000,1.000000,-0.000000,0.000000
4.340000,0.635583,-0.124402,0.409543,0.931555,-0.343293,-0.010544,-0.119347,0.000000,2.000000,1.000000,0.000000,0.000000
4.345000,0.635771,-0.125491,0.409256,0.931357,-0.343838,-0.010354,-0.119346,0.000000,2.000000,1.000000,0.000000,0.000000
4.350000,0.635955,-0.126589,0.408969,0.931155,-0.344388,-0.010163,-0.119345,0.000000,2.000000,1.000000,0.000000,0.000000
4.355000,0.636136,-0.127696,0.408681,0.930952,-0.344944,-0.009971,-0.119343,0.000000,2.000000,1.000000,0.000000,0.000000
4.360000,0.636314,-0.128813,0.408393,0.930746,-0.345506,-0.009779,-0.119339,0.000000,2.000000,1.000000,0.000000,0.000000
4.365000,0.636488,-0.129938,0.408105,0.930538,-0.346072,-0.009586,-0.119334,0.000000,2.000000,1.000000,-0.000000,0.000000
4.370000,0.636659,-0.131071,0.407816,0.930328,-0.346644,-0.009394,-0.119328,0.000000,2.000000,1.000000,0.000000,0.000000
4.375000,0.636827,-0.132213,0.407528,0.930116,-0.347219,-0.009201,-0.119321,0.000000,2.000000,1.000000,0.000000,0.000000
4.380000,0.636990,-0.133362,0.407239,0.929903,-0.347799,-0.009009,-0.119314,0.000000,2.000000,1.000000,0.000000,0.000000
4.385000,0.637151,-0.134519,0.406951,0.929687,-0.348383,-0.008817,-0.119305,0.000000,2.000000,1.000000,0.000000,0.000000
4.390000,0.637308,-0.135683,0.406663,0.929470,-0.348970,-0.008625,-0.119295,0.000000,2.000000,1.000000,0.000000,0.000000
4.395000,0.637462,-0.136854,0.406376,0.929251,-0.349561,-0.008433,-0.119284,0.000000,2.000000,1.000000,0.000000,0.000000
4.400000,0.637612,-0.138033,0.406090,0.929031,-0.350155,-0.008241,-0.119271,0.000000,2.000000,1.000000,0.000000,0.000000
4.405000,0.637759,-0.139219,0.405804,0.928809,-0.350753,-0.008049,-0.119255,0.000000,2.000000,1.000000,0.000000,0.000000
4.410000,0.637903,-0.140412,0.405519,0.928586,-0.351354,-0.007857,-0.119237,0.000000,2.000000,1.000000,0.000000,0.000000
4.415000,0.638044,-0.141613,0.405236,0.928361,-0.351958,-0.007664,-0.119215,0.000000,2.000000,1.000000,-0.000000,0.000000
4.420000,0.638181,-0.142821,0.404953,0.928135,-0.352566,-0.007471,-0.119190,0.000000,2.000000,1.000000,0.000000,0.000000
4.425000,0.638315,-0.144035,0.404671,0.927908,-0.353176,-0.007277,-0.119162,0.000000,2.000000,1.000000,0.000000,0.000000
4.430000,0.638446,-0.145257,0.404391,0.927680,-0.353789,-0.007083,-0.119131,0.000000,2.000000,1.000000,0.000000,0.000000
4.435000,0.638574,-0.146486,0.404111,0.927451,-0.354406,-0.006889,-0.119096,0.000000,2.000000,1.000000,-0.000000,0.000000
4.440000,0.638698,-0.147723,0.403833,0.927221,-0.355025,-0.006693,-0.119056,0.000000,2.000000,1.000000,0.000000,0.000000
4.445000,0.638819,-0.148967,0.403556,0.926989,-0.355648,-0.006497,-0.119011,0.000000,2.000000,1.000000,0.000000,0.000000
4.450000,0.638937,-0.150219,0.403280,0.926756,-0.356274,-0.006300,-0.118962,0.000000,2.000000,1.000000,0.000000,0.000000
4.455000,0.639051,-0.151478,0.403006,0.926522,-0.356903,-0.006102,-0.118907,0.000000,2.000000,1.000000,0.000000,0.000000
4.460000,0.639162,-0.152744,0.402732,0.926288,-0.357535,-0.005904,-0.118849,0.000000,2.000000,1.000000,0.000000,0.000000
4.465000,0.639270,-0.154016,0.402460,0.926052,-0.358169,-0.005706,-0.118787,0.000000,2.000000,1.000000,0.000000,0.000000
4.470000,0.639375,-0.155293,0.402188,0.925815,-0.358805,-0.005509,-0.118722,0.000000,2.000000,1.000000,0.000000,0.000000
4.475000,0.639476,-0.156576,0.401918,0.925578,-0.359442,-0.005312,-0.118655,0.000000,2.000000,1.000000,0.000000,0.000000
4.480000,0.639574,-0.157864,0.401648,0.925340,-0.360080,-0.005116,-0.118585,0.000000,2.000000,1.000000,0.000000,0.000000
4.485000,0.639669,-0.159156,0.401380,0.925101,-0.360719,-0.004921,-0.118513,0.000000,2.000000,1.000000,0.000000,0.000000
4.490000,0.639761,-0.160453,0.401112,0.924862,-0.361359,-0.004727,-0.118439,0.000000,2.000000,1.000000,0.000000,0.000000
4.495000,0.639850,-0.161753,0.400846,0.924622,-0.361999,-0.004534,-0.118363,0.000000,2.000000,1.000000,0.000000,0.000000
4.500000,0.639936,-0.163057,0.400580,0.924382,-0.362639,-0.004342,-0.118286,0.000000,2.000000,1.000000,0.000000,0.000000
4.505000,0.640020,-0.164364,0.400316,0.924142,-0.363279,-0.004152,-0.118206,0.000000,2.000000,1.000000,0.000000,0.000000
4.510000,0.640100,-0.165673,0.400052,0.923901,-0.363919,-0.003964,-0.118126,0.000000,2.000000,1.000000,0.000000,0.000000
4.515000,0.640178,-0.166985,0.399790,0.923661,-0.364558,-0.003776,-0.118044,0.000000,2.000000,1.000000,0.000000,0.000000
4.520000,0.640253,-0.168299,0.399529,0.923420,-0.365196,-0.003591,-0.117960,0.000000,2.000000,1.000000,0.000000,0.000000
4.525000,0.640325,-0.169615,0.399269,0.923179,-0.365833,-0.003406,-0.117875,0.000000,2.000000,1.000000,0.000000,0.000000
4.530000,0.640395,-0.170932,0.399009,0.922939,-0.366469,-0.003223,-0.117789,0.000000,2.000000,1.000000,0.000000,0.000000
4.535000,0.640462,-0.172251,0.398751,0.922698,-0.367103,-0.003043,-0.117703,0.000000,2.000000,1.000000,0.000000,0.000000
4.540000,0.640526,-0.173570,0.398494,0.922458,-0.367736,-0.002864,-0.117615,0.000000,2.000000,1.000000,0.000000,0.000000
4.545000,0.640588,-0.174890,0.398238,0.922218,-0.368367,-0.002687,-0.117528,0.000000,2.000000,1.000000,0.000000,0.000000
4.550000,0.640648,-0.176210,0.397983,0.921978,-0.368996,-0.002513,-0.117440,0.000000,2.000000,1.000000,-0.000000,0.000000
4.555000,0.640704,-0.177529,0.397728,0.921739,-0.369623,-0.002341,-0.117351,0.000000,2.000000,1.000000,0.000000,0.000000
4.560000,0.640758,-0.178849,0.397475,0.921499,-0.370248,-0.002171,-0.117263,0.000000,2.000000,1.000000,0.000000,0.000000
4.565000,0.640810,-0.180167,0.397222,0.921260,-0.370871,-0.002005,-0.117175,0.000000,2.000000,1.000000,0.000000,0.000000
4.570000,0.640859,-0.181484,0.396969,0.921022,-0.371491,-0.001841,-0.117088,0.000000,2.000000,1.000000,0.000000,0.000000
4.575000,0.640905,-0.182800,0.396716,0.920783,-0.372110,-0.001680,-0.117002,0.000000,2.000000,1.000000,0.000000,0.000000
4.580000,0.640949,-0.184114,0.396464,0.920545,-0.372726,-0.001523,-0.116917,0.000000,2.000000,1.000000,0.000000,0.000000
4.585000,0.640989,-0.185427,0.396212,0.920308,-0.373339,-0.001369,-0.116833,0.000000,2.000000,1.000000,0.000000,0.000000
4.590000,0.641028,-0.186737,0.395961,0.920070,-0.373951,-0.001217,-0.116750,0.000000,2.000000,1.000000,0.000000,0.000000
4.595000,0.641063,-0.188046,0.395709,0.919833,-0.374560,-0.001069,-0.116668,0.000000,2.000000,1.000000,0.000000,0.000000
4.600000,0.641096,-0.189352,0.395457,0.919596,-0.375166,-0.000924,-0.116588,0.000000,2.000000,1.000000,0.000000,0.000000
4.605000,0.641126,-0.190655,0.395205,0.919359,-0.375770,-0.000782,-0.116509,0.000000,2.000000,1.000000,0.000000,0.000000
4.610000,0.641153,-0.191955,0.394953,0.919123,-0.376372,-0.000644,-0.116433,0.000000,2.000000,1.000000,0.000000,0.000000
4.615000,0.641178,-0.193252,0.394701,0.918887,-0.376971,-0.000508,-0.116359,0.000000,2.000000,1.000000,0.000000,0.000000
4.620000,0.641200,-0.194546,0.394448,0.918651,-0.377568,-0.000376,-0.116287,0.000000,2.000000,1.000000,0.000000,0.000000
4.625000,0.641219,-0.195837,0.394195,0.918416,-0.378162,-0.000247,-0.116216,0.000000,2.000000,1.000000,0.000000,0.000000
4.630000,0.641235,-0.197124,0.393942,0.918180,-0.378754,-0.000121,-0.116148,0.000000,2.000000,1.000000,0.000000,0.000000
4.635000,0.641249,-0.198408,0.393688,0.917945,-0.379344,0.000002,-0.116082,0.000000,2.000000,1.000000,0.000000,0.000000
4.640000,0.641261,-0.199687,0.393433,0.917710,-0.379931,0.000121,-0.116018,0.000000,2.000000,1.000000,0.000000,0.000000
4.645000,0.641269,-0.200962,0.393178,0.917476,-0.380515,0.000238,-0.115958,0.000000,2.000000,1.000000,0.000000,0.000000
4.650000,0.641275,-0.202233,0.392922,0.917242,-0.381097,0.000351,-0.115899,0.000000,2.000000,1.000000,0.000000,0.000000
4.655000,0.641279,-0.203499,0.392665,0.917008,-0.381676,0.000460,-0.115844,0.000000,2.000000,1.000000,0.000000,0.000000
4.660000,0.641280,-0.204760,0.392407,0.916774,-0.382253,0.000567,-0.115790,0.000000,2.000000,1.000000,0.000000,0.000000
4.665000,0.641278,-0.206016,0.392149,0.916541,-0.382827,0.000671,-0.115739,0.000000,2.000000,1.000000,0.000000,0.000000
4.670000,0.641274,-0.207268,0.391889,0.916308,-0.383399,0.000772,-0.115691,0.000000,2.000000,1.000000,0.000000,0.000000
4.675000,0.641267,-0.208514,0.391628,0.916075,-0.383968,0.000870,-0.115645,0.000000,2.000000,1.000000,-0.000000,0.000000
4.680000,0.641258,-0.209755,0.391366,0.915843,-0.384534,0.000964,-0.115602,0.000000,2.000000,1.000000,0.000000,0.000000
4.685000,0.641247,-0.210990,0.391103,0.915611,-0.385097,0.001055,-0.115562,0.000000,2.000000,1.000000,0.000000,0.000000
4.690000,0.641233,-0.212219,0.390839,0.915380,-0.385659,0.001144,-0.115524,0.000000,2.000000,1.000000,0.000000,0.000000
4.695000,0.641217,-0.213443,0.390573,0.915148,-0.386218,0.001230,-0.115488,0.000000,2.000000,1.000000,0.000000,0.000000
4.700000,0.641199,-0.214661,0.390306,0.914916,-0.386777,0.001313,-0.115455,0.000000,2.000000,1.000000,0.000000,0.000000
4.705000,0.641179,-0.215873,0.390038,0.914684,-0.387335,0.001393,-0.115424,0.000000,2.000000,1.000000,0.000000,0.000000
4.710000,0.641157,-0.217078,0.389769,0.914451,-0.387894,0.001470,-0.115396,0.000000,2.000000,1.000000,0.000000,0.000000
4.715000,0.641133,-0.218277,0.389498,0.914216,-0.388453,0.001544,-0.115371,0.000000,2.000000,1.000000,0.000000,0.000000
4.720000,0.641107,-0.219469,0.389226,0.913981,-0.389012,0.001616,-0.115348,0.000000,2.000000,1.000000,0.000000,0.000000
4.725000,0.641080,-0.220655,0.388954,0.913745,-0.389573,0.001685,-0.115328,0.000000,2.000000,1.000000,0.000000,0.000000
4.730000,0.641052,-0.221833,0.388680,0.913508,-0.390134,0.001752,-0.115310,0.000000,2.000000,1.000000,0.000000,0.000000
4.735000,0.641022,-0.223004,0.388406,0.913269,-0.390696,0.001817,-0.115295,0.000000,2.000000,1.000000,0.000000,0.000000
4.740000,0.640991,-0.224168,0.388130,0.913030,-0.391258,0.001879,-0.115283,0.000000,2.000000,1.000000,0.000000,0.000000
4.745000,0.640958,-0.225324,0.387854,0.912790,-0.391821,0.001938,-0.115274,0.000000,2.000000,1.000000,0.000000,0.000000
4.750000,0.640924,-0.226472,0.387576,0.912548,-0.392384,0.001995,-0.115267,0.000000,2.000000,1.000000,0.000000,0.000000
4.755000,0.640890,-0.227613,0.387298,0.912306,-0.392948,0.002049,-0.115262,0.000000,2.000000,1.000000,-0.000000,0.000000
4.760000,0.640854,-0.228746,0.387019,0.912063,-0.393513,0.002102,-0.115260,0.000000,2.000000,1.000000,-0.000000,0.000000
4.765000,0.640817,-0.229872,0.386739,0.911819,-0.394078,0.002152,-0.115259,0.000000,2.000000,1.000000,0.000000,0.000000
4.770000,0.640780,-0.230989,0.386459,0.911574,-0.394644,0.002200,-0.115262,0.000000,2.000000,1.000000,0.000000,0.000000
4.775000,0.640741,-0.232098,0.386178,0.911328,-0.395209,0.002246,-0.115266,0.000000,2.000000,1.000000,0.000000,0.000000
4.780000,0.640702,-0.233199,0.385896,0.911081,-0.395775,0.002290,-0.115273,0.000000,2.000000,1.000000,0.000000,0.000000
4.785000,0.640662,-0.234292,0.385614,0.910834,-0.396341,0.002332,-0.115281,0.000000,2.000000,1.000000,0.000000,0.000000
4.790000,0.640622,-0.235377,0.385331,0.910586,-0.396907,0.002372,-0.115292,0.000000,2.000000,1.000000,0.000000,0.000000
4.795000,0.640581,-0.236454,0.385048,0.910337,-0.397474,0.002411,-0.115304,0.000000,2.000000,1.000000,0.000000,0.000000
4.800000,0.640539,-0.237522,0.384764,0.910088,-0.398040,0.002448,-0.115318,0.000000,2.000000,1.000000,0.000000,0.000000
4.805000,0.640497,-0.238583,0.384481,0.909838,-0.398607,0.002484,-0.115334,0.000000,2.000000,1.000000,0.000000,0.000000
4.810000,0.640455,-0.239635,0.384197,0.909587,-0.399173,0.002519,-0.115351,0.000000,2.000000,1.000000,0.000000,0.000000
4.815000,0.640413,-0.240679,0.383913,0.909336,-0.399739,0.002553,-0.115370,0.000000,2.000000,1.000000,0.000000,0.000000
4.820000,0.640370,-0.241715,0.383630,0.909084,-0.400305,0.002587,-0.115390,0.000000,2.000000,1.000000,0.000000,0.000000
4.825000,0.640327,-0.242742,0.383347,0.908832,-0.400870,0.002620,-0.115412,0.000000,2.000000,1.000000,-0.000000,0.000000
4.830000,0.640284,-0.243762,0.383065,0.908580,-0.401436,0.002654,-0.115434,0.000000,2.000000,1.000000,0.000000,0.000000
4.835000,0.640241,-0.244774,0.382783,0.908327,-0.402001,0.002686,-0.115458,0.000000,2.000000,1.000000,0.000000,0.000000
4.840000,0.640198,-0.245778,0.382502,0.908073,-0.402567,0.002719,-0.115481,0.000000,2.000000,1.000000,0.000000,0.000000
4.845000,0.640154,-0.246775,0.382222,0.907819,-0.403132,0.002753,-0.115506,0.000000,2.000000,1.000000,0.000000,0.000000
4.850000,0.640111,-0.247764,0.381942,0.907565,-0.403697,0.002786,-0.115530,0.000000,2.000000,1.000000,0.000000,0.000000
4.855000,0.640067,-0.248746,0.381664,0.907310,-0.404262,0.002820,-0.115555,0.000000,2.000000,1.000000,0.000000,0.000000
4.860000,0.640023,-0.249720,0.381387,0.907055,-0.404827,0.002855,-0.115580,0.000000,2.000000,1.000000,0.000000,0.000000
4.865000,0.639978,-0.250688,0.381111,0.906799,-0.405393,0.002890,-0.115604,0.000000,2.000000,1.000000,0.000000,0.000000
4.870000,0.639933,-0.251649,0.380837,0.906543,-0.405958,0.002926,-0.115628,0.000000,2.000000,1.000000,0.000000,0.000000
4.875000,0.639888,-0.252602,0.380564,0.906286,-0.406524,0.002963,-0.115652,0.000000,2.000000,1.000000,0.000000,0.000000
4.880000,0.639842,-0.253550,0.380293,0.906029,-0.407089,0.003001,-0.115674,0.000000,2.000000,1.000000,0.000000,0.000000
4.885000,0.639795,-0.254491,0.380024,0.905772,-0.407655,0.003040,-0.115696,0.000000,2.000000,1.000000,0.000000,0.000000
4.890000,0.639748,-0.255426,0.379756,0.905514,-0.408221,0.003081,-0.115717,0.000000,2.000000,1.000000,0.000000,0.000000
4.895000,0.639700,-0.256355,0.379491,0.905256,-0.408788,0.003123,-0.115737,0.000000,2.000000,1.000000,0.000000,0.000000
4.900000,0.639652,-0.257278,0.379228,0.904997,-0.409354,0.003166,-0.115755,0.000000,2.000000,1.000000,0.000000,0.000000
4.905000,0.639602,-0.258196,0.378967,0.904738,-0.409921,0.003211,-0.115773,0.000000,2.000000,1.000000,0.000000,0.000000
4.910000,0.639552,-0.259108,0.378708,0.904479,-0.410488,0.003258,-0.115790,0.000000,2.000000,1.000000,0.000000,0.000000
4.915000,0.639501,-0.260014,0.378452,0.904219,-0.411054,0.003307,-0.115806,0.000000,2.000000,1.000000,0.000000,0.000000
4.920000,0.639448,-0.260915,0.378198,0.903960,-0.411620,0.003357,-0.115821,0.000000,2.000000,1.000000,0.000000,0.000000
4.925000,0.639395,-0.261811,0.377947,0.903700,-0.412186,0.003410,-0.115835,0.000000,2.000000,1.000000,0.000000,0.000000
4.930000,0.639341,-0.262701,0.377699,0.903439,-0.412752,0.003464,-0.115848,0.000000,2.000000,1.000000,0.000000,0.000000
4.935000,0.639285,-0.263586,0.377453,0.903179,-0.413318,0.003520,-0.115860,0.000000,2.000000,1.000000,0.000000,0.000000
4.940000,0.639229,-0.264467,0.377210,0.902918,-0.413884,0.003579,-0.115870,0.000000,2.000000,1.000000,0.000000,0.000000
4.945000,0.639171,-0.265343,0.376970,0.902657,-0.414450,0.003640,-0.115880,0.000000,2.000000,1.000000,0.000000,0.000000
4.950000,0.639112,-0.266215,0.376734,0.902396,-0.415015,0.003704,-0.115888,0.000000,2.000000,1.000000,0.000000,0.000000
4.955000,0.639052,-0.267082,0.376501,0.902135,-0.415581,0.003770,-0.115895,0.000000,2.000000,1.000000,0.000000,0.000000
4.960000,0.638990,-0.267945,0.376272,0.901873,-0.416146,0.003839,-0.115900,0.000000,2.000000,1.000000,0.000000,0.000000
4.965000,0.638927,-0.268804,0.376046,0.901611,-0.416711,0.003911,-0.115904,0.000000,2.000000,1.000000,0.000000,0.000000
4.970000,0.638862,-0.269660,0.375823,0.901349,-0.417276,0.003986,-0.115907,0.000000,2.000000,1.000000,0.000000,0.000000
4.975000,0.638795,-0.270511,0.375605,0.901087,-0.417841,0.004064,-0.115908,0.000000,2.000000,1.000000,0.000000,0.000000
4.980000,0.638727,-0.271359,0.375390,0.900825,-0.418406,0.004144,-0.115908,0.000000,2.000000,1.000000,0.000000,0.000000
4.985000,0.638657,-0.272204,0.375180,0.900562,-0.418970,0.004228,-0.115906,0.000000,2.000000,1.000000,0.000000,0.000000
4.990000,0.638585,-0.273045,0.374974,0.900300,-0.419534,0.004315,-0.115903,0.000000,2.000000,1.000000,0.000000,0.000000
4.995000,0.638512,-0.273883,0.374771,0.900037,-0.420097,0.004404,-0.115899,0.000000,2.000000,1.000000,0.000000,0.000000
5.000000,0.638436,-0.274718,0.374574,0.899774,-0.420661,0.004497,-0.115893,0.000000,2.000000,1.000000,0.000000,0.000000
5.005000,0.638358,-0.275550,0.374380,0.899511,-0.421224,0.004593,-0.115886,0.000000,2.000000,1.000000,0.000000,0.000000
5.010000,0.638278,-0.276379,0.374191,0.899248,-0.421786,0.004691,-0.115878,0.000000,2.000000,1.000000,0.000000,0.000000
5.015000,0.638196,-0.277205,0.374006,0.898985,-0.422347,0.004792,-0.115869,0.000000,2.000000,1.000000,0.000000,0.000000
5.020000,0.638111,-0.278028,0.373825,0.898722,-0.422907,0.004896,-0.115860,0.000000,2.000000,1.000000,0.000000,0.000000
5.025000,0.638025,-0.278848,0.373650,0.898460,-0.423467,0.005002,-0.115849,0.000000,2.000000,1.000000,0.000000,0.000000
5.030000,0.637935,-0.279664,0.373478,0.898197,-0.424025,0.005111,-0.115838,0.000000,2.000000,1.000000,0.000000,0.000000
5.035000,0.637844,-0.280478,0.373311,0.897935,-0.424583,0.005222,-0.115826,0.000000,2.000000,1.000000,0.000000,0.000000
5.040000,0.637750,-0.281289,0.373149,0.897672,-0.425139,0.005336,-0.115813,0.000000,2.000000,1.000000,0.000000,0.000000
5.045000,0.637653,-0.282098,0.372991,0.897410,-0.425695,0.005452,-0.115799,0.000000,2.000000,1.000000,0.000000,0.000000
5.050000,0.637554,-0.282904,0.372838,0.897148,-0.426250,0.005571,-0.115783,0.000000,2.000000,1.000000,0.000000,0.000000
5.055000,0.637452,-0.283708,0.372690,0.896886,-0.426804,0.005692,-0.115766,0.000000,2.000000,1.000000,0.000000,0.000000
5.060000,0.637347,-0.284509,0.372547,0.896624,-0.427358,0.005816,-0.115748,0.000000,2.000000,1.000000,0.000000,0.000000
5.065000,0.637240,-0.285309,0.372408,0.896362,-0.427910,0.005942,-0.115729,0.000000,2.000000,1.000000,0.000000,0.000000
5.070000,0.637129,-0.286107,0.372274,0.896100,-0.428462,0.006071,-0.115708,0.000000,2.000000,1.000000,0.000000,0.000000
5.075000,0.637015,-0.286903,0.372145,0.895838,-0.429013,0.006202,-0.115685,0.000000,2.000000,1.000000,0.000000,0.000000
5.080000,0.636898,-0.287698,0.372020,0.895577,-0.429564,0.006335,-0.115660,0.000000,2.000000,1.000000,0.000000,0.000000
5.085000,0.636777,-0.288492,0.371901,0.895315,-0.430114,0.006471,-0.115633,0.000000,2.000000,1.000000,0.000000,0.000000
5.090000,0.636653,-0.289285,0.371786,0.895053,-0.430664,0.006609,-0.115603,0.000000,2.000000,1.000000,0.000000,0.000000
5.095000,0.636525,-0.290077,0.371676,0.894792,-0.431214,0.006749,-0.115572,0.000000,2.000000,1.000000,-0.000000,0.000000
5.100000,0.636393,-0.290868,0.371570,0.894530,-0.431763,0.006891,-0.115538,0.000000,2.000000,1.000000,-0.000000,0.000000
5.105000,0.636258,-0.291658,0.371469,0.894269,-0.432311,0.007036,-0.115501,0.000000,2.000000,1.000000,0.000000,0.000000
5.110000,0.636119,-0.292448,0.371373,0.894008,-0.432858,0.007182,-0.115462,0.000000,2.000000,1.000000,-0.000000,0.000000
5.115000,0.635975,-0.293238,0.371281,0.893747,-0.433405,0.007330,-0.115420,0.000000,2.000000,1.000000,-0.000000,0.000000
5.120000,0.635827,-0.294027,0.371194,0.893487,-0.433951,0.007480,-0.115375,0.000000,2.000000,1.000000,0.000000,0.000000
5.125000,0.635675,-0.294817,0.371111,0.893227,-0.434495,0.007632,-0.115328,0.000000,2.000000,1.000000,-0.000000,0.000000
5.130000,0.635518,-0.295606,0.371032,0.892968,-0.435038,0.007785,-0.115277,0.000000,2.000000,1.000000,0.000000,0.000000
5.135000,0.635357,-0.296396,0.370958,0.892709,-0.435581,0.007940,-0.115223,0.000000,2.000000,1.000000,-0.000000,0.000000
5.140000,0.635191,-0.297185,0.370888,0.892451,-0.436121,0.008096,-0.115167,0.000000,2.000000,1.000000,0.000000,0.000000
5.145000,0.635021,-0.297975,0.370822,0.892194,-0.436660,0.008254,-0.115106,0.000000,2.000000,1.000000,0.000000,0.000000
5.150000,0.634846,-0.298765,0.370760,0.891938,-0.437198,0.008413,-0.115042,0.000000,2.000000,1.000000,-0.000000,0.000000
5.155000,0.634666,-0.299556,0.370703,0.891682,-0.437733,0.008573,-0.114974,0.000000,2.000000,1.000000,0.000000,0.000000
5.160000,0.634481,-0.300348,0.370649,0.891428,-0.438267,0.008734,-0.114902,0.000000,2.000000,1.000000,0.000000,0.000000
5.165000,0.634291,-0.301140,0.370599,0.891174,-0.438799,0.008895,-0.114825,0.000000,2.000000,1.000000,-0.000000,0.000000
5.170000,0.634096,-0.301932,0.370553,0.890922,-0.439328,0.009058,-0.114745,0.000000,2.000000,1.000000,0.000000,0.000000
5.175000,0.633896,-0.302726,0.370510,0.890671,-0.439856,0.009222,-0.114660,0.000000,2.000000,1.000000,0.000000,0.000000
5.180000,0.633691,-0.303520,0.370471,0.890421,-0.440381,0.009386,-0.114571,0.000000,2.000000,1.000000,0.000000,0.000000
5.185000,0.633481,-0.304316,0.370436,0.890173,-0.440904,0.009551,-0.114475,0.000000,2.000000,1.000000,-0.000000,0.000000
5.190000,0.633265,-0.305112,0.370404,0.889926,-0.441425,0.009716,-0.114374,0.000000,2.000000,1.000000,0.000000,0.000000
5.195000,0.633043,-0.305911,0.370375,0.889681,-0.441943,0.009882,-0.114267,0.000000,2.000000,1.000000,0.000000,0.000000
5.200000,0.632816,-0.306710,0.370350,0.889437,-0.442459,0.010047,-0.114154,0.000000,2.000000,1.000000,0.000000,0.000000
5.205000,0.632583,-0.307511,0.370327,0.889195,-0.442972,0.010213,-0.114036,0.000000,2.000000,1.000000,0.000000,0.000000
5.210000,0.632344,-0.308314,0.370308,0.888954,-0.443483,0.010379,-0.113911,0.000000,2.000000,1.000000,0.000000,0.000000
5.215000,0.632100,-0.309118,0.370291,0.888715,-0.443991,0.010545,-0.113780,0.000000,2.000000,1.000000,0.000000,0.000000
5.220000,0.631850,-0.309924,0.370277,0.888478,-0.444497,0.010710,-0.113642,0.000000,2.000000,1.000000,0.000000,0.000000
5.225000,0.631593,-0.310732,0.370266,0.888243,-0.445000,0.010874,-0.113497,0.000000,2.000000,1.000000,0.000000,0.000000
5.230000,0.631331,-0.311541,0.370256,0.888010,-0.445499,0.011038,-0.113344,0.000000,2.000000,1.000000,0.000000,0.000000
5.235000,0.631062,-0.312352,0.370249,0.887779,-0.445996,0.011201,-0.113185,0.000000,2.000000,1.000000,0.000000,0.000000
5.240000,0.630788,-0.313165,0.370245,0.887548,-0.446492,0.011364,-0.113020,0.000000,2.000000,1.000000,0.000000,0.000000
5.245000,0.630508,-0.313979,0.370242,0.887318,-0.446989,0.011527,-0.112850,0.000000,2.000000,1.000000,0.000000,0.000000
5.250000,0.630225,-0.314794,0.370242,0.887086,-0.447487,0.011690,-0.112677,0.000000,2.000000,1.000000,0.000000,0.000000
5.255000,0.629937,-0.315609,0.370243,0.886854,-0.447987,0.011854,-0.112501,0.000000,2.000000,1.000000,0.000000,0.000000
5.260000,0.629647,-0.316424,0.370246,0.886622,-0.448487,0.012019,-0.112325,0.000000,2.000000,1.000000,0.000000,0.000000
5.265000,0.629354,-0.317239,0.370250,0.886388,-0.448989,0.012185,-0.112147,0.000000,2.000000,1.000000,0.000000,0.000000
5.270000,0.629059,-0.318055,0.370255,0.886154,-0.449491,0.012352,-0.111969,0.000000,2.000000,1.000000,0.000000,0.000000
5.275000,0.628762,-0.318870,0.370261,0.885919,-0.449993,0.012521,-0.111790,0.000000,2.000000,1.000000,0.000000,0.000000
5.280000,0.628464,-0.319685,0.370268,0.885683,-0.450497,0.012691,-0.111611,0.000000,2.000000,1.000000,0.000000,0.000000
5.285000,0.628164,-0.320500,0.370275,0.885447,-0.451000,0.012862,-0.111430,0.000000,2.000000,1.000000,0.000000,0.000000
5.290000,0.627863,-0.321316,0.370282,0.885211,-0.451504,0.013035,-0.111247,0.000000,2.000000,1.000000,0.000000,0.000000
5.295000,0.627560,-0.322133,0.370290,0.884974,-0.452009,0.013209,-0.111061,0.000000,2.000000,1.000000,0.000000,0.000000
5.300000,0.627255,-0.322951,0.370298,0.884737,-0.452515,0.013383,-0.110872,0.000000,2.000000,1.000000,0.000000,0.000000
5.305000,0.626949,-0.323770,0.370306,0.884499,-0.453021,0.013559,-0.110679,0.000000,2.000000,1.000000,0.000000,0.000000
5.310000,0.626640,-0.324591,0.370315,0.884261,-0.453529,0.013735,-0.110480,0.000000,2.000000,1.000000,0.000000,0.000000
5.315000,0.626328,-0.325414,0.370325,0.884023,-0.454038,0.013910,-0.110273,0.000000,2.000000,1.000000,0.000000,0.000000
5.320000,0.626013,-0.326239,0.370334,0.883784,-0.454548,0.014083,-0.110058,0.000000,2.000000,1.000000,0.000000,0.000000
5.325000,0.625694,-0.327067,0.370344,0.883546,-0.455060,0.014255,-0.109833,0.000000,2.000000,1.000000,0.000000,0.000000
5.330000,0.625372,-0.327897,0.370355,0.883308,-0.455573,0.014424,-0.109598,0.000000,2.000000,1.000000,0.000000,0.000000
5.335000,0.625046,-0.328729,0.370365,0.883070,-0.456088,0.014590,-0.109353,0.000000,2.000000,1.000000,0.000000,0.000000
5.340000,0.624716,-0.329564,0.370377,0.882832,-0.456604,0.014754,-0.109097,0.000000,2.000000,1.000000,0.000000,0.000000
5.345000,0.624382,-0.330401,0.370388,0.882595,-0.457121,0.014914,-0.108830,0.000000,2.000000,1.000000,-0.000000,0.000000
5.350000,0.624045,-0.331239,0.370400,0.882358,-0.457638,0.015071,-0.108553,0.000000,2.000000,1.000000,0.000000,0.000000
5.355000,0.623705,-0.332080,0.370413,0.882122,-0.458157,0.015226,-0.108266,0.000000,2.000000,1.000000,0.000000,0.000000
5.360000,0.623361,-0.332922,0.370426,0.881886,-0.458675,0.015376,-0.107968,0.000000,2.000000,1.000000,0.000000,0.000000
5.365000,0.623013,-0.333766,0.370440,0.881651,-0.459194,0.015524,-0.107660,0.000000,2.000000,1.000000,0.000000,0.000000
5.370000,0.622662,-0.334612,0.370455,0.881417,-0.459714,0.015669,-0.107343,0.000000,2.000000,1.000000,0.000000,0.000000
5.375000,0.622309,-0.335459,0.370471,0.881183,-0.460233,0.015810,-0.107015,0.000000,2.000000,1.000000,0.000000,0.000000
5.380000,0.621952,-0.336307,0.370487,0.880950,-0.460752,0.015949,-0.106678,0.000000,2.000000,1.000000,-0.000000,0.000000
5.385000,0.621592,-0.337156,0.370505,0.880718,-0.461272,0.016084,-0.106332,0.000000,2.000000,1.000000,0.000000,0.000000
5.390000,0.621230,-0.338006,0.370523,0.880486,-0.461790,0.016216,-0.105977,0.000000,2.000000,1.000000,0.000000,0.000000
5.395000,0.620865,-0.338857,0.370543,0.880255,-0.462309,0.016346,-0.105614,0.000000,2.000000,1.000000,0.000000,0.000000
5.400000,0.620497,-0.339709,0.370563,0.880025,-0.462827,0.016472,-0.105242,0.000000,2.000000,1.000000,0.000000,0.000000
5.405000,0.620127,-0.340561,0.370585,0.879796,-0.463344,0.016596,-0.104862,0.000000,2.000000,1.000000,0.000000,0.000000
5.410000,0.619754,-0.341414,0.370608,0.879567,-0.463861,0.016717,-0.104475,0.000000,2.000000,1.000000,0.000000,0.000000
5.415000,0.619379,-0.342266,0.370632,0.879339,-0.464377,0.016835,-0.104081,0.000000,2.000000,1.000000,0.000000,0.000000
5.420000,0.619002,-0.343119,0.370657,0.879112,-0.464893,0.016951,-0.103681,0.000000,2.000000,1.000000,0.000000,0.000000
5.425000,0.618622,-0.343972,0.370684,0.878885,-0.465407,0.017064,-0.103276,0.000000,2.000000,1.000000,0.000000,0.000000
5.430000,0.618241,-0.344824,0.370712,0.878659,-0.465921,0.017174,-0.102865,0.000000,2.000000,1.000000,0.000000,0.000000
5.435000,0.617857,-0.345676,0.370740,0.878433,-0.466433,0.017282,-0.102449,0.000000,2.000000,1.000000,0.000000,0.000000
5.440000,0.617472,-0.346528,0.370770,0.878208,-0.466945,0.017387,-0.102028,0.000000,2.000000,1.000000,0.000000,0.000000
5.445000,0.617085,-0.347379,0.370802,0.877984,-0.467456,0.017491,-0.101603,0.000000,2.000000,1.000000,0.000000,0.000000
5.450000,0.616696,-0.348229,0.370834,0.877759,-0.467966,0.017591,-0.101176,0.000000,2.000000,1.000000,0.000000,0.000000
5.455000,0.616305,-0.349077,0.370867,0.877536,-0.468475,0.017690,-0.100747,0.000000,2.000000,1.000000,0.000000,0.000000
5.460000,0.615913,-0.349924,0.370902,0.877312,-0.468982,0.017786,-0.100316,0.000000,2.000000,1.000000,0.000000,0.000000
5.465000,0.615520,-0.350769,0.370937,0.877089,-0.469487,0.017879,-0.099885,0.000000,2.000000,1.000000,0.000000,0.000000
5.470000,0.615126,-0.351613,0.370974,0.876866,-0.469992,0.017971,-0.099453,0.000000,2.000000,1.000000,0.000000,0.000000
5.475000,0.614730,-0.352455,0.371011,0.876643,-0.470495,0.018061,-0.099021,0.000000,2.000000,1.000000,0.000000,0.000000
5.480000,0.614333,-0.353294,0.371049,0.876421,-0.470996,0.018148,-0.098589,0.000000,2.000000,1.000000,0.000000,0.000000
5.485000,0.613936,-0.354131,0.371088,0.876199,-0.471496,0.018233,-0.098158,0.000000,2.000000,1.000000,0.000000,0.000000
5.490000,0.613537,-0.354965,0.371128,0.875977,-0.471994,0.018317,-0.097731,0.000000,2.000000,1.000000,0.000000,0.000000
5.495000,0.613139,-0.355796,0.371168,0.875755,-0.472490,0.018398,-0.097306,0.000000,2.000000,1.000000,0.000000,0.000000
5.500000,0.612739,-0.356623,0.371209,0.875533,-0.472984,0.018477,-0.096884,0.000000,2.000000,1.000000,0.000000,0.000000
5.505000,0.612339,-0.357448,0.371250,0.875312,-0.473476,0.018554,-0.096465,0.000000,2.000000,1.000000,0.000000,0.000000
5.510000,0.611939,-0.358269,0.371292,0.875090,-0.473967,0.018629,-0.096050,0.000000,2.000000,1.000000,0.000000,0.000000
5.515000,0.611538,-0.359086,0.371335,0.874869,-0.474456,0.018702,-0.095639,0.000000,2.000000,1.000000,0.000000,0.000000
5.520000,0.611137,-0.359900,0.371377,0.874647,-0.474942,0.018774,-0.095232,0.000000,2.000000,1.000000,0.000000,0.000000
5.525000,0.610735,-0.360710,0.371420,0.874426,-0.475427,0.018843,-0.094830,0.000000,2.000000,1.000000,0.000000,0.000000
5.530000,0.610334,-0.361515,0.371463,0.874205,-0.475910,0.018910,-0.094434,0.000000,2.000000,1.000000,0.000000,0.000000
5.535000,0.609932,-0.362317,0.371506,0.873984,-0.476390,0.018975,-0.094042,0.000000,2.000000,1.000000,0.000000,0.000000
5.540000,0.609530,-0.363114,0.371549,0.873763,-0.476869,0.019038,-0.093657,0.000000,2.000000,1.000000,0.000000,0.000000
5.545000,0.609128,-0.363907,0.371592,0.873542,-0.477346,0.019099,-0.093276,0.000000,2.000000,1.000000,0.000000,0.000000
5.550000,0.608726,-0.364696,0.371635,0.873321,-0.477821,0.019159,-0.092901,0.000000,2.000000,1.000000,0.000000,0.000000
5.555000,0.608324,-0.365480,0.371677,0.873100,-0.478294,0.019216,-0.092532,0.000000,2.000000,1.000000,0.000000,0.000000
5.560000,0.607922,-0.366259,0.371719,0.872878,-0.478766,0.019271,-0.092169,0.000000,2.000000,1.000000,0.000000,0.000000
5.565000,0.607520,-0.367034,0.371761,0.872657,-0.479235,0.019323,-0.091812,0.000000,2.000000,1.000000,0.000000,0.000000
5.570000,0.607118,-0.367805,0.371802,0.872436,-0.479703,0.019374,-0.091462,0.000000,2.000000,1.000000,0.000000,0.000000
5.575000,0.606716,-0.368571,0.371842,0.872214,-0.480170,0.019423,-0.091117,0.000000,2.000000,1.000000,0.000000,0.000000
5.580000,0.606313,-0.369332,0.371882,0.871992,-0.480634,0.019469,-0.090779,0.000000,2.000000,1.000000,0.000000,0.000000
5.585000,0.605911,-0.370088,0.371921,0.871770,-0.481098,0.019513,-0.090447,0.000000,2.000000,1.000000,0.000000,0.000000
5.590000,0.605509,-0.370839,0.371959,0.871548,-0.481559,0.019555,-0.090122,0.000000,2.000000,1.000000,0.000000,0.000000
5.595000,0.605107,-0.371586,0.371996,0.871326,-0.482019,0.019595,-0.089804,0.000000,2.000000,1.000000,0.000000,0.000000
5.600000,0.604705,-0.372327,0.372032,0.871104,-0.482477,0.019632,-0.089492,0.000000,2.000000,1.000000,0.000000,0.000000
5.605000,0.604303,-0.373063,0.372066,0.870881,-0.482933,0.019668,-0.089186,0.000000,2.000000,1.000000,0.000000,0.000000
5.610000,0.603901,-0.373795,0.372100,0.870659,-0.483388,0.019701,-0.088886,0.000000,2.000000,1.000000,0.000000,0.000000
5.615000,0.603500,-0.374521,0.372132,0.870436,-0.483842,0.019732,-0.088593,0.000000,2.000000,1.000000,0.000000,0.000000
5.620000,0.603099,-0.375243,0.372164,0.870213,-0.484294,0.019762,-0.088306,0.000000,2.000000,1.000000,0.000000,0.000000
5.625000,0.602698,-0.375959,0.372194,0.869990,-0.484744,0.019789,-0.088025,0.000000,2.000000,1.000000,-0.000000,0.000000
5.630000,0.602298,-0.376671,0.372222,0.869767,-0.485193,0.019815,-0.087751,0.000000,2.000000,1.000000,0.000000,0.000000
5.635000,0.601898,-0.377377,0.372250,0.869544,-0.485640,0.019839,-0.087482,0.000000,2.000000,1.000000,0.000000,0.000000
5.640000,0.601499,-0.378078,0.372276,0.869321,-0.486085,0.019861,-0.087219,0.000000,2.000000,1.000000,0.000000,0.000000
5.645000,0.601101,-0.378774,0.372300,0.869098,-0.486529,0.019881,-0.086962,0.000000,2.000000,1.000000,0.000000,0.000000
5.650000,0.600703,-0.379465,0.372324,0.868875,-0.486972,0.019900,-0.086711,0.000000,2.000000,1.000000,-0.000000,0.000000
5.655000,0.600305,-0.380150,0.372346,0.868652,-0.487412,0.019917,-0.086464,0.000000,2.000000,1.000000,0.000000,0.000000
5.660000,0.599909,-0.380831,0.372366,0.868429,-0.487851,0.019933,-0.086223,0.000000,2.000000,1.000000,0.000000,0.000000
5.665000,0.599513,-0.381507,0.372386,0.868207,-0.488288,0.019947,-0.085988,0.000000,2.000000,1.000000,0.000000,0.000000
5.670000,0.599118,-0.382177,0.372404,0.867984,-0.488724,0.019960,-0.085757,0.000000,2.000000,1.000000,0.000000,0.000000
5.675000,0.598724,-0.382842,0.372420,0.867762,-0.489158,0.019972,-0.085531,0.000000,2.000000,1.000000,0.000000,0.000000
5.680000,0.598331,-0.383503,0.372436,0.867539,-0.489590,0.019983,-0.085309,0.000000,2.000000,1.000000,0.000000,0.000000
5.685000,0.597939,-0.384158,0.372450,0.867317,-0.490021,0.019993,-0.085092,0.000000,2.000000,1.000000,0.000000,0.000000
5.690000,0.597549,-0.384808,0.372463,0.867095,-0.490450,0.020002,-0.084880,0.000000,2.000000,1.000000,0.000000,0.000000
5.695000,0.597159,-0.385453,0.372475,0.866874,-0.490876,0.020010,-0.084672,0.000000,2.000000,1.000000,-0.000000,0.000000
5.700000,0.596771,-0.386093,0.372486,0.866653,-0.491301,0.020017,-0.084469,0.000000,2.000000,1.000000,0.000000,0.000000
5.705000,0.596385,-0.386727,0.372496,0.866433,-0.491724,0.020024,-0.084270,0.000000,2.000000,1.000000,0.000000,0.000000
5.710000,0.596000,-0.387356,0.372505,0.866213,-0.492144,0.020031,-0.084075,0.000000,2.000000,1.000000,0.000000,0.000000
5.715000,0.595617,-0.387980,0.372513,0.865993,-0.492563,0.020037,-0.083884,0.000000,2.000000,1.000000,0.000000,0.000000
5.720000,0.595236,-0.388598,0.372519,0.865774,-0.492979,0.020043,-0.083696,0.000000,2.000000,1.000000,0.000000,0.000000
5.725000,0.594856,-0.389211,0.372525,0.865556,-0.493393,0.020049,-0.083513,0.000000,2.000000,1.000000,-0.000000,0.000000
5.730000,0.594479,-0.389819,0.372531,0.865339,-0.493804,0.020054,-0.083333,0.000000,2.000000,1.000000,0.000000,0.000000
5.735000,0.594104,-0.390421,0.372535,0.865122,-0.494213,0.020060,-0.083157,0.000000,2.000000,1.000000,0.000000,0.000000
5.740000,0.593731,-0.391017,0.372539,0.864906,-0.494619,0.020065,-0.082984,0.000000,2.000000,1.000000,0.000000,0.000000
5.745000,0.593360,-0.391608,0.372541,0.864692,-0.495022,0.020071,-0.082815,0.000000,2.000000,1.000000,0.000000,0.000000
5.750000,0.592992,-0.392194,0.372544,0.864478,-0.495423,0.020076,-0.082648,0.000000,2.000000,1.000000,0.000000,0.000000
5.755000,0.592626,-0.392773,0.372545,0.864265,-0.495821,0.020082,-0.082485,0.000000,2.000000,1.000000,0.000000,0.000000
5.760000,0.592262,-0.393347,0.372546,0.864054,-0.496216,0.020087,-0.082323,0.000000,2.000000,1.000000,0.000000,0.000000
5.765000,0.591901,-0.393916,0.372546,0.863843,-0.496609,0.020092,-0.082164,0.000000,2.000000,1.000000,0.000000,0.000000
5.770000,0.591542,-0.394479,0.372546,0.863634,-0.496998,0.020096,-0.082007,0.000000,2.000000,1.000000,0.000000,0.000000
5.775000,0.591186,-0.395036,0.372545,0.863426,-0.497385,0.020100,-0.081851,0.000000,2.000000,1.000000,0.000000,0.000000
5.780000,0.590831,-0.395588,0.372543,0.863219,-0.497769,0.020104,-0.081697,0.000000,2.000000,1.000000,0.000000,0.000000
5.785000,0.590480,-0.396134,0.372541,0.863013,-0.498151,0.020108,-0.081544,0.000000,2.000000,1.000000,0.000000,0.000000
5.790000,0.590130,-0.396675,0.372538,0.862809,-0.498529,0.020111,-0.081391,0.000000,2.000000,1.000000,0.000000,0.000000
5.795000,0.589782,-0.397211,0.372535,0.862606,-0.498906,0.020113,-0.081238,0.000000,2.000000,1.000000,0.000000,0.000000
5.800000,0.589436,-0.397742,0.372531,0.862404,-0.499280,0.020114,-0.081085,0.000000,2.000000,1.000000,0.000000,0.000000
5.805000,0.589092,-0.398268,0.372526,0.862203,-0.499651,0.020115,-0.080932,0.000000,2.000000,1.000000,0.000000,0.000000
5.810000,0.588749,-0.398789,0.372521,0.862004,-0.500020,0.020114,-0.080777,0.000000,2.000000,1.000000,0.000000,0.000000
5.815000,0.588409,-0.399305,0.372515,0.861805,-0.500387,0.020112,-0.080622,0.000000,2.000000,1.000000,0.000000,0.000000
5.820000,0.588070,-0.399816,0.372508,0.861608,-0.500752,0.020109,-0.080465,0.000000,2.000000,1.000000,0.000000,0.000000
5.825000,0.587732,-0.400323,0.372501,0.861412,-0.501114,0.020105,-0.080307,0.000000,2.000000,1.000000,0.000000,0.000000
5.830000,0.587396,-0.400825,0.372494,0.861217,-0.501475,0.020100,-0.080147,0.000000,2.000000,1.000000,0.000000,0.000000
5.835000,0.587061,-0.401323,0.372485,0.861024,-0.501834,0.020093,-0.079984,0.000000,2.000000,1.000000,0.000000,0.000000
5.840000,0.586727,-0.401816,0.372476,0.860831,-0.502190,0.020084,-0.079819,0.000000,2.000000,1.000000,0.000000,0.000000
5.845000,0.586395,-0.402306,0.372467,0.860640,-0.502545,0.020074,-0.079652,0.000000,2.000000,1.000000,0.000000,0.000000
5.850000,0.586064,-0.402791,0.372456,0.860449,-0.502899,0.020063,-0.079482,0.000000,2.000000,1.000000,0.000000,0.000000
5.855000,0.585734,-0.403272,0.372445,0.860260,-0.503250,0.020049,-0.079309,0.000000,2.000000,1.000000,0.000000,0.000000
5.860000,0.585405,-0.403749,0.372433,0.860072,-0.503600,0.020035,-0.079134,0.000000,2.000000,1.000000,0.000000,0.000000
5.865000,0.585077,-0.404221,0.372421,0.859885,-0.503948,0.020019,-0.078955,0.000000,2.000000,1.000000,0.000000,0.000000
5.870000,0.584750,-0.404690,0.372407,0.859699,-0.504294,0.020001,-0.078774,0.000000,2.000000,1.000000,0.000000,0.000000
5.875000,0.584425,-0.405155,0.372393,0.859514,-0.504639,0.019981,-0.078589,0.000000,2.000000,1.000000,0.000000,0.000000
5.880000,0.584100,-0.405616,0.372378,0.859330,-0.504981,0.019960,-0.078402,0.000000,2.000000,1.000000,-0.000000,0.000000
5.885000,0.583777,-0.406073,0.372363,0.859148,-0.505323,0.019938,-0.078211,0.000000,2.000000,1.000000,0.000000,0.000000
5.890000,0.583455,-0.406527,0.372346,0.858966,-0.505662,0.019914,-0.078017,0.000000,2.000000,1.000000,0.000000,0.000000
5.895000,0.583134,-0.406977,0.372329,0.858785,-0.506000,0.019889,-0.077820,0.000000,2.000000,1.000000,0.000000,0.000000
5.900000,0.582815,-0.407423,0.372312,0.858606,-0.506336,0.019864,-0.077619,0.000000,2.000000,1.000000,0.000000,0.000000
5.905000,0.582497,-0.407866,0.372294,0.858428,-0.506671,0.019837,-0.077414,0.000000,2.000000,1.000000,0.000000,0.000000
5.910000,0.582180,-0.408306,0.372275,0.858251,-0.507003,0.019810,-0.077206,0.000000,2.000000,1.000000,0.000000,0.000000
5.915000,0.581865,-0.408742,0.372257,0.858075,-0.507335,0.019782,-0.076995,0.000000,2.000000,1.000000,0.000000,0.000000
5.920000,0.581551,-0.409176,0.372237,0.857900,-0.507664,0.019754,-0.076779,0.000000,2.000000,1.000000,0.000000,0.000000
5.925000,0.581239,-0.409606,0.372218,0.857726,-0.507992,0.019726,-0.076560,0.000000,2.000000,1.000000,0.000000,0.000000
5.930000,0.580928,-0.410033,0.372198,0.857553,-0.508318,0.019698,-0.076337,0.000000,2.000000,1.000000,0.000000,0.000000
5.935000,0.580619,-0.410457,0.372178,0.857382,-0.508642,0.019671,-0.076110,0.000000,2.000000,1.000000,0.000000,0.000000
5.940000,0.580312,-0.410879,0.372159,0.857212,-0.508964,0.019644,-0.075879,0.000000,2.000000,1.000000,0.000000,0.000000
5.945000,0.580007,-0.411297,0.372139,0.857043,-0.509285,0.019617,-0.075644,0.000000,2.000000,1.000000,0.000000,0.000000
5.950000,0.579703,-0.411713,0.372120,0.856875,-0.509603,0.019591,-0.075405,0.000000,2.000000,1.000000,0.000000,0.000000
5.955000,0.579401,-0.412126,0.372101,0.856708,-0.509920,0.019566,-0.075162,0.000000,2.000000,1.000000,0.000000,0.000000
5.960000,0.579102,-0.412537,0.372083,0.856543,-0.510235,0.019542,-0.074916,0.000000,2.000000,1.000000,0.000000,0.000000
5.965000,0.578804,-0.412945,0.372065,0.856379,-0.510547,0.019518,-0.074666,0.000000,2.000000,1.000000,0.000000,0.000000
5.970000,0.578508,-0.413350,0.372047,0.856217,-0.510857,0.019494,-0.074413,0.000000,2.000000,1.000000,0.000000,0.000000
5.975000,0.578214,-0.413752,0.372030,0.856056,-0.511165,0.019472,-0.074156,0.000000,2.000000,1.000000,0.000000,0.000000
5.980000,0.577923,-0.414152,0.372014,0.855896,-0.511472,0.019450,-0.073896,0.000000,2.000000,1.000000,0.000000,0.000000
5.985000,0.577633,-0.414549,0.371998,0.855737,-0.511775,0.019429,-0.073633,0.000000,2.000000,1.000000,0.000000,0.000000
5.990000,0.577345,-0.414944,0.371983,0.855580,-0.512077,0.019409,-0.073366,0.000000,2.000000,1.000000,0.000000,0.000000
5.995000,0.577058,-0.415336,0.371968,0.855424,-0.512377,0.019389,-0.073097,0.000000,2.000000,1.000000,0.000000,0.000000
6.000000,0.576774,-0.415726,0.371954,0.855269,-0.512675,0.019370,-0.072826,0.000000,2.000000,1.000000,0.000000,0.000000
6.005000,0.576491,-0.416113,0.371941,0.855115,-0.512971,0.019351,-0.072552,0.000000,2.000000,1.000000,0.000000,0.000000
6.010000,0.576210,-0.416498,0.371929,0.854962,-0.513266,0.019333,-0.072276,0.000000,2.000000,1.000000,0.000000,0.000000
6.015000,0.575930,-0.416881,0.371917,0.854811,-0.513558,0.019315,-0.071998,0.000000,2.000000,1.000000,0.000000,0.000000
6.020000,0.575652,-0.417261,0.371905,0.854660,-0.513849,0.019298,-0.071717,0.000000,2.000000,1.000000,0.000000,0.000000
6.025000,0.575375,-0.417639,0.371895,0.854510,-0.514138,0.019281,-0.071435,0.000000,2.000000,1.000000,0.000000,0.000000
6.030000,0.575100,-0.418015,0.371885,0.854361,-0.514425,0.019265,-0.071151,0.000000,2.000000,1.000000,0.000000,0.000000
6.035000,0.574826,-0.418389,0.371876,0.854213,-0.514711,0.019249,-0.070866,0.000000,2.000000,1.000000,-0.000000,0.000000
6.040000,0.574553,-0.418761,0.371867,0.854065,-0.514996,0.019233,-0.070580,0.000000,2.000000,1.000000,0.000000,0.000000
6.045000,0.574281,-0.419131,0.371859,0.853919,-0.515279,0.019218,-0.070293,0.000000,2.000000,1.000000,0.000000,0.000000
6.050000,0.574011,-0.419499,0.371851,0.853773,-0.515561,0.019202,-0.070005,0.000000,2.000000,1.000000,0.000000,0.000000
6.055000,0.573741,-0.419865,0.371844,0.853627,-0.515841,0.019187,-0.069716,0.000000,2.000000,1.000000,0.000000,0.000000
6.060000,0.573472,-0.420230,0.371838,0.853482,-0.516121,0.019172,-0.069426,0.000000,2.000000,1.000000,0.000000,0.000000
6.065000,0.573204,-0.420593,0.371831,0.853338,-0.516399,0.019157,-0.069137,0.000000,2.000000,1.000000,0.000000,0.000000
6.070000,0.572937,-0.420955,0.371826,0.853193,-0.516676,0.019143,-0.068848,0.000000,2.000000,1.000000,-0.000000,0.000000
6.075000,0.572670,-0.421315,0.371821,0.853050,-0.516953,0.019128,-0.068559,0.000000,2.000000,1.000000,0.000000,0.000000
6.080000,0.572404,-0.421673,0.371816,0.852906,-0.517228,0.019113,-0.068271,0.000000,2.000000,1.000000,0.000000,0.000000
6.085000,0.572139,-0.422031,0.371811,0.852763,-0.517503,0.019098,-0.067983,0.000000,2.000000,1.000000,0.000000,0.000000
6.090000,0.571874,-0.422387,0.371807,0.852620,-0.517777,0.019084,-0.067696,0.000000,2.000000,1.000000,0.000000,0.000000
6.095000,0.571609,-0.422742,0.371803,0.852477,-0.518050,0.019069,-0.067410,0.000000,2.000000,1.000000,0.000000,0.000000
6.100000,0.571344,-0.423096,0.371799,0.852334,-0.518323,0.019054,-0.067126,0.000000,2.000000,1.000000,0.000000,0.000000
6.105000,0.571080,-0.423450,0.371795,0.852191,-0.518595,0.019038,-0.066843,0.000000,2.000000,1.000000,0.000000,0.000000
6.110000,0.570816,-0.423802,0.371792,0.852047,-0.518867,0.019023,-0.066561,0.000000,2.000000,1.000000,0.000000,0.000000
6.115000,0.570551,-0.424154,0.371788,0.851904,-0.519139,0.019007,-0.066281,0.000000,2.000000,1.000000,0.000000,0.000000
6.120000,0.570286,-0.424506,0.371785,0.851760,-0.519410,0.018991,-0.066002,0.000000,2.000000,1.000000,0.000000,0.000000
6.125000,0.570021,-0.424857,0.371781,0.851617,-0.519682,0.018975,-0.065725,0.000000,2.000000,1.000000,0.000000,0.000000
6.130000,0.569756,-0.425209,0.371778,0.851472,-0.519954,0.018958,-0.065450,0.000000,2.000000,1.000000,0.000000,0.000000
6.135000,0.569490,-0.425560,0.371774,0.851328,-0.520226,0.018941,-0.065176,0.000000,2.000000,1.000000,0.000000,0.000000
6.140000,0.569223,-0.425911,0.371771,0.851182,-0.520498,0.018923,-0.064904,0.000000,2.000000,1.000000,0.000000,0.000000
6.145000,0.568955,-0.426263,0.371767,0.851036,-0.520771,0.018905,-0.064634,0.000000,2.000000,1.000000,-0.000000,0.000000
6.150000,0.568687,-0.426615,0.371763,0.850890,-0.521044,0.018887,-0.064366,0.000000,2.000000,1.000000,0.000000,0.000000
6.155000,0.568417,-0.426968,0.371759,0.850742,-0.521318,0.018868,-0.064099,0.000000,2.000000,1.000000,0.000000,0.000000
6.160000,0.568146,-0.427322,0.371754,0.850594,-0.521593,0.018848,-0.063835,0.000000,2.000000,1.000000,0.000000,0.000000
6.165000,0.567874,-0.427677,0.371750,0.850445,-0.521869,0.018828,-0.063572,0.000000,2.000000,1.000000,0.000000,0.000000
6.170000,0.567600,-0.428032,0.371745,0.850295,-0.522146,0.018808,-0.063311,0.000000,2.000000,1.000000,0.000000,0.000000
6.175000,0.567324,-0.428390,0.371739,0.850144,-0.522424,0.018786,-0.063052,0.000000,2.000000,1.000000,0.000000,0.000000
6.180000,0.567047,-0.428748,0.371734,0.849992,-0.522703,0.018765,-0.062794,0.000000,2.000000,1.000000,0.000000,0.000000
6.185000,0.566768,-0.429109,0.371727,0.849839,-0.522984,0.018742,-0.062539,0.000000,2.000000,1.000000,0.000000,0.000000
6.190000,0.566487,-0.429471,0.371721,0.849684,-0.523266,0.018719,-0.062285,0.000000,2.000000,1.000000,0.000000,0.000000
6.195000,0.566204,-0.429834,0.371714,0.849528,-0.523549,0.018695,-0.062034,0.000000,2.000000,1.000000,0.000000,0.000000
6.200000,0.565919,-0.430200,0.371706,0.849371,-0.523834,0.018671,-0.061784,0.000000,2.000000,1.000000,0.000000,0.000000
6.205000,0.565631,-0.430568,0.371698,0.849213,-0.524121,0.018646,-0.061536,0.000000,2.000000,1.000000,0.000000,0.000000
6.210000,0.565341,-0.430938,0.371689,0.849053,-0.524410,0.018621,-0.061291,0.000000,2.000000,1.000000,0.000000,0.000000
6.215000,0.565049,-0.431311,0.371680,0.848891,-0.524701,0.018595,-0.061047,0.000000,2.000000,1.000000,0.000000,0.000000
6.220000,0.564755,-0.431686,0.371670,0.848728,-0.524993,0.018568,-0.060806,0.000000,2.000000,1.000000,0.000000,0.000000
6.225000,0.564458,-0.432063,0.371660,0.848564,-0.525288,0.018541,-0.060567,0.000000,2.000000,1.000000,0.000000,0.000000
6.230000,0.564158,-0.432444,0.371648,0.848398,-0.525584,0.018513,-0.060330,0.000000,2.000000,1.000000,0.000000,0.000000
6.235000,0.563856,-0.432826,0.371637,0.848230,-0.525883,0.018485,-0.060096,0.000000,2.000000,1.000000,0.000000,0.000000
6.240000,0.563552,-0.433212,0.371624,0.848061,-0.526183,0.018456,-0.059864,0.000000,2.000000,1.000000,0.000000,0.000000
6.245000,0.563244,-0.433600,0.371611,0.847889,-0.526486,0.018427,-0.059635,0.000000,2.000000,1.000000,0.000000,0.000000
6.250000,0.562934,-0.433991,0.371597,0.847717,-0.526791,0.018398,-0.059409,0.000000,2.000000,1.000000,0.000000,0.000000
6.255000,0.562622,-0.434385,0.371582,0.847542,-0.527098,0.018369,-0.059185,0.000000,2.000000,1.000000,0.000000,0.000000
6.260000,0.562307,-0.434781,0.371567,0.847366,-0.527407,0.018339,-0.058964,0.000000,2.000000,1.000000,0.000000,0.000000
6.265000,0.561989,-0.435181,0.371551,0.847188,-0.527718,0.018309,-0.058746,0.000000,2.000000,1.000000,0.000000,0.000000
6.270000,0.561668,-0.435584,0.371534,0.847008,-0.528031,0.018279,-0.058531,0.000000,2.000000,1.000000,0.000000,0.000000
6.275000,0.561345,-0.435989,0.371517,0.846827,-0.528347,0.018249,-0.058318,0.000000,2.000000,1.000000,0.000000,0.000000
6.280000,0.561019,-0.436398,0.371498,0.846644,-0.528664,0.018219,-0.058109,0.000000,2.000000,1.000000,0.000000,0.000000
6.285000,0.560691,-0.436809,0.371480,0.846459,-0.528984,0.018189,-0.057902,0.000000,2.000000,1.000000,0.000000,0.000000
6.290000,0.560360,-0.437224,0.371460,0.846272,-0.529306,0.018159,-0.057699,0.000000,2.000000,1.000000,0.000000,0.000000
6.295000,0.560026,-0.437641,0.371441,0.846083,-0.529630,0.018130,-0.057499,0.000000,2.000000,1.000000,0.000000,0.000000
6.300000,0.559689,-0.438061,0.371420,0.845893,-0.529956,0.018100,-0.057302,0.000000,2.000000,1.000000,0.000000,0.000000
6.305000,0.559350,-0.438485,0.371399,0.845701,-0.530285,0.018070,-0.057108,0.000000,2.000000,1.000000,0.000000,0.000000
6.310000,0.559008,-0.438911,0.371377,0.845507,-0.530615,0.018041,-0.056917,0.000000,2.000000,1.000000,0.000000,0.000000
6.315000,0.558663,-0.439341,0.371355,0.845311,-0.530948,0.018012,-0.056729,0.000000,2.000000,1.000000,0.000000,0.000000
6.320000,0.558316,-0.439773,0.371333,0.845114,-0.531283,0.017983,-0.056544,0.000000,2.000000,1.000000,0.000000,0.000000
6.325000,0.557966,-0.440208,0.371310,0.844915,-0.531620,0.017955,-0.056362,0.000000,2.000000,1.000000,0.000000,0.000000
6.330000,0.557613,-0.440647,0.371286,0.844714,-0.531959,0.017927,-0.056183,0.000000,2.000000,1.000000,0.000000,0.000000
6.335000,0.557258,-0.441088,0.371262,0.844511,-0.532300,0.017899,-0.056007,0.000000,2.000000,1.000000,0.000000,0.000000
6.340000,0.556899,-0.441532,0.371238,0.844306,-0.532644,0.017871,-0.055834,0.000000,2.000000,1.000000,0.000000,0.000000
6.345000,0.556537,-0.441980,0.371213,0.844100,-0.532990,0.017843,-0.055663,0.000000,2.000000,1.000000,0.000000,0.000000
6.350000,0.556173,-0.442431,0.371188,0.843892,-0.533338,0.017815,-0.055495,0.000000,2.000000,1.000000,0.000000,0.000000
6.355000,0.555805,-0.442884,0.371162,0.843682,-0.533689,0.017787,-0.055330,0.000000,2.000000,1.000000,0.000000,0.000000
6.360000,0.555434,-0.443341,0.371136,0.843469,-0.534042,0.017759,-0.055167,0.000000,2.000000,1.000000,0.000000,0.000000
6.365000,0.555061,-0.443801,0.371110,0.843256,-0.534397,0.017732,-0.055007,0.000000,2.000000,1.000000,-0.000000,0.000000
6.370000,0.554684,-0.444264,0.371083,0.843040,-0.534754,0.017704,-0.054850,0.000000,2.000000,1.000000,0.000000,0.000000
6.375000,0.554304,-0.444730,0.371056,0.842822,-0.535114,0.017676,-0.054695,0.000000,2.000000,1.000000,0.000000,0.000000
6.380000,0.553920,-0.445200,0.371028,0.842602,-0.535477,0.017648,-0.054542,0.000000,2.000000,1.000000,0.000000,0.000000
6.385000,0.553533,-0.445672,0.371000,0.842381,-0.535842,0.017619,-0.054391,0.000000,2.000000,1.000000,0.000000,0.000000
6.390000,0.553142,-0.446148,0.370971,0.842157,-0.536209,0.017590,-0.054243,0.000000,2.000000,1.000000,0.000000,0.000000
6.395000,0.552748,-0.446627,0.370942,0.841931,-0.536579,0.017561,-0.054097,0.000000,2.000000,1.000000,0.000000,0.000000
6.400000,0.552351,-0.447108,0.370913,0.841704,-0.536951,0.017531,-0.053954,0.000000,2.000000,1.000000,0.000000,0.000000
6.405000,0.551950,-0.447594,0.370882,0.841474,-0.537326,0.017500,-0.053812,0.000000,2.000000,1.000000,0.000000,0.000000
6.410000,0.551546,-0.448082,0.370852,0.841243,-0.537703,0.017469,-0.053673,0.000000,2.000000,1.000000,0.000000,0.000000
6.415000,0.551137,-0.448573,0.370820,0.841009,-0.538084,0.017437,-0.053536,0.000000,2.000000,1.000000,0.000000,0.000000
6.420000,0.550725,-0.449068,0.370788,0.840773,-0.538466,0.017404,-0.053402,0.000000,2.000000,1.000000,0.000000,0.000000
6.425000,0.550309,-0.449566,0.370755,0.840535,-0.538852,0.017370,-0.053269,0.000000,2.000000,1.000000,0.000000,0.000000
6.430000,0.549890,-0.450067,0.370722,0.840295,-0.539240,0.017335,-0.053139,0.000000,2.000000,1.000000,0.000000,0.000000
6.435000,0.549466,-0.450571,0.370687,0.840053,-0.539630,0.017299,-0.053010,0.000000,2.000000,1.000000,0.000000,0.000000
6.440000,0.549038,-0.451079,0.370652,0.839809,-0.540024,0.017262,-0.052883,0.000000,2.000000,1.000000,0.000000,0.000000
6.445000,0.548606,-0.451590,0.370616,0.839563,-0.540421,0.017223,-0.052758,0.000000,2.000000,1.000000,0.000000,0.000000
6.450000,0.548169,-0.452105,0.370579,0.839314,-0.540820,0.017182,-0.052634,0.000000,2.000000,1.000000,0.000000,0.000000
6.455000,0.547729,-0.452623,0.370540,0.839063,-0.541223,0.017140,-0.052512,0.000000,2.000000,1.000000,0.000000,0.000000
6.460000,0.547284,-0.453145,0.370501,0.838809,-0.541629,0.017097,-0.052392,0.000000,2.000000,1.000000,0.000000,0.000000
6.465000,0.546834,-0.453670,0.370461,0.838554,-0.542037,0.017052,-0.052274,0.000000,2.000000,1.000000,0.000000,0.000000
6.470000,0.546380,-0.454199,0.370419,0.838296,-0.542449,0.017006,-0.052158,0.000000,2.000000,1.000000,0.000000,0.000000
6.475000,0.545922,-0.454731,0.370376,0.838035,-0.542864,0.016958,-0.052042,0.000000,2.000000,1.000000,0.000000,0.000000
6.480000,0.545459,-0.455267,0.370332,0.837772,-0.543282,0.016908,-0.051929,0.000000,2.000000,1.000000,0.000000,0.000000
6.485000,0.544991,-0.455807,0.370286,0.837507,-0.543703,0.016856,-0.051816,0.000000,2.000000,1.000000,0.000000,0.000000
6.490000,0.544518,-0.456351,0.370240,0.837239,-0.544128,0.016803,-0.051705,0.000000,2.000000,1.000000,0.000000,0.000000
6.495000,0.544041,-0.456898,0.370192,0.836969,-0.544556,0.016748,-0.051595,0.000000,2.000000,1.000000,0.000000,0.000000
6.500000,0.543559,-0.457450,0.370143,0.836696,-0.544987,0.016692,-0.051486,0.000000,2.000000,1.000000,0.000000,0.000000
6.505000,0.543073,-0.458006,0.370093,0.836420,-0.545422,0.016635,-0.051377,0.000000,2.000000,1.000000,0.000000,0.000000
6.510000,0.542582,-0.458566,0.370042,0.836142,-0.545861,0.016578,-0.051269,0.000000,2.000000,1.000000,0.000000,0.000000
6.515000,0.542086,-0.459130,0.369990,0.835861,-0.546302,0.016521,-0.051161,0.000000,2.000000,1.000000,0.000000,0.000000
6.520000,0.541586,-0.459699,0.369937,0.835577,-0.546747,0.016463,-0.051054,0.000000,2.000000,1.000000,0.000000,0.000000
6.525000,0.541081,-0.460272,0.369883,0.835291,-0.547196,0.016405,-0.050948,0.000000,2.000000,1.000000,0.000000,0.000000
6.530000,0.540573,-0.460849,0.369828,0.835003,-0.547648,0.016347,-0.050842,0.000000,2.000000,1.000000,-0.000000,0.000000
6.535000,0.540060,-0.461430,0.369771,0.834712,-0.548103,0.016288,-0.050737,0.000000,2.000000,1.000000,0.000000,0.000000
6.540000,0.539543,-0.462015,0.369714,0.834418,-0.548561,0.016230,-0.050632,0.000000,2.000000,1.000000,-0.000000,0.000000
6.545000,0.539021,-0.462604,0.369656,0.834122,-0.549022,0.016171,-0.050529,0.000000,2.000000,1.000000,0.000000,0.000000
6.550000,0.538495,-0.463197,0.369597,0.833824,-0.549487,0.016113,-0.050426,0.000000,2.000000,1.000000,-0.000000,0.000000
6.555000,0.537965,-0.463794,0.369537,0.833523,-0.549954,0.016055,-0.050324,0.000000,2.000000,1.000000,-0.000000,0.000000
6.560000,0.537432,-0.464395,0.369476,0.833219,-0.550425,0.015997,-0.050223,0.000000,2.000000,1.000000,0.000000,0.000000
6.565000,0.536894,-0.465000,0.369414,0.832913,-0.550899,0.015939,-0.050123,0.000000,2.000000,1.000000,0.000000,0.000000
6.570000,0.536352,-0.465608,0.369351,0.832605,-0.551375,0.015882,-0.050024,0.000000,2.000000,1.000000,0.000000,0.000000
6.575000,0.535806,-0.466220,0.369288,0.832294,-0.551855,0.015825,-0.049926,0.000000,2.000000,1.000000,0.000000,0.000000
6.580000,0.535256,-0.466836,0.369224,0.831981,-0.552337,0.015768,-0.049829,0.000000,2.000000,1.000000,0.000000,0.000000
6.585000,0.534702,-0.467455,0.369159,0.831665,-0.552822,0.015712,-0.049733,0.000000,2.000000,1.000000,0.000000,0.000000
6.590000,0.534144,-0.468078,0.369095,0.831348,-0.553310,0.015656,-0.049638,0.000000,2.000000,1.000000,0.000000,0.000000
6.595000,0.533583,-0.468704,0.369029,0.831027,-0.553801,0.015601,-0.049544,0.000000,2.000000,1.000000,0.000000,0.000000
6.600000,0.533017,-0.469334,0.368964,0.830705,-0.554294,0.015547,-0.049452,0.000000,2.000000,1.000000,0.000000,0.000000
6.605000,0.532448,-0.469966,0.368898,0.830380,-0.554790,0.015494,-0.049361,0.000000,2.000000,1.000000,0.000000,0.000000
6.610000,0.531875,-0.470603,0.368832,0.830053,-0.555289,0.015442,-0.049271,0.000000,2.000000,1.000000,0.000000,0.000000
6.615000,0.531298,-0.471242,0.368766,0.829724,-0.555790,0.015390,-0.049183,0.000000,2.000000,1.000000,0.000000,0.000000
6.620000,0.530718,-0.471884,0.368700,0.829393,-0.556293,0.015340,-0.049096,0.000000,2.000000,1.000000,0.000000,0.000000
6.625000,0.530134,-0.472529,0.368635,0.829059,-0.556799,0.015291,-0.049011,0.000000,2.000000,1.000000,0.000000,0.000000
6.630000,0.529547,-0.473177,0.368570,0.828724,-0.557306,0.015244,-0.048927,0.000000,2.000000,1.000000,0.000000,0.000000
6.635000,0.528957,-0.473828,0.368505,0.828386,-0.557817,0.015198,-0.048845,0.000000,2.000000,1.000000,0.000000,0.000000
6.640000,0.528363,-0.474481,0.368441,0.828047,-0.558329,0.015153,-0.048765,0.000000,2.000000,1.000000,0.000000,0.000000
6.645000,0.527765,-0.475137,0.368378,0.827705,-0.558843,0.015109,-0.048686,0.000000,2.000000,1.000000,0.000000,0.000000
6.650000,0.527164,-0.475795,0.368315,0.827362,-0.559359,0.015068,-0.048609,0.000000,2.000000,1.000000,0.000000,0.000000
6.655000,0.526560,-0.476456,0.368253,0.827016,-0.559877,0.015028,-0.048533,0.000000,2.000000,1.000000,0.000000,0.000000
6.660000,0.525953,-0.477119,0.368192,0.826669,-0.560397,0.014989,-0.048459,0.000000,2.000000,1.000000,0.000000,0.000000
6.665000,0.525343,-0.477785,0.368133,0.826320,-0.560919,0.014952,-0.048387,0.000000,2.000000,1.000000,0.000000,0.000000
6.670000,0.524729,-0.478452,0.368074,0.825969,-0.561443,0.014917,-0.048317,0.000000,2.000000,1.000000,0.000000,0.000000
6.675000,0.524112,-0.479122,0.368016,0.825616,-0.561968,0.014884,-0.048248,0.000000,2.000000,1.000000,0.000000,0.000000
6.680000,0.523492,-0.479793,0.367960,0.825262,-0.562495,0.014852,-0.048180,0.000000,2.000000,1.000000,0.000000,0.000000
6.685000,0.522869,-0.480467,0.367905,0.824905,-0.563024,0.014821,-0.048114,0.000000,2.000000,1.000000,0.000000,0.000000
6.690000,0.522243,-0.481142,0.367852,0.824547,-0.563555,0.014793,-0.048050,0.000000,2.000000,1.000000,0.000000,0.000000
6.695000,0.521613,-0.481820,0.367799,0.824188,-0.564087,0.014766,-0.047987,0.000000,2.000000,1.000000,0.000000,0.000000
6.700000,0.520980,-0.482499,0.367749,0.823826,-0.564620,0.014740,-0.047925,0.000000,2.000000,1.000000,0.000000,0.000000
6.705000,0.520344,-0.483180,0.367699,0.823463,-0.565156,0.014717,-0.047864,0.000000,2.000000,1.000000,0.000000,0.000000
6.710000,0.519706,-0.483863,0.367651,0.823098,-0.565692,0.014694,-0.047805,0.000000,2.000000,1.000000,0.000000,0.000000
6.715000,0.519063,-0.484547,0.367605,0.822732,-0.566230,0.014674,-0.047748,0.000000,2.000000,1.000000,0.000000,0.000000
6.720000,0.518418,-0.485233,0.367560,0.822364,-0.566770,0.014655,-0.047691,0.000000,2.000000,1.000000,0.000000,0.000000
6.725000,0.517770,-0.485920,0.367517,0.821994,-0.567311,0.014637,-0.047636,0.000000,2.000000,1.000000,0.000000,0.000000
6.730000,0.517119,-0.486608,0.367475,0.821623,-0.567853,0.014621,-0.047582,0.000000,2.000000,1.000000,0.000000,0.000000
6.735000,0.516465,-0.487298,0.367435,0.821251,-0.568397,0.014607,-0.047529,0.000000,2.000000,1.000000,0.000000,0.000000
6.740000,0.515808,-0.487989,0.367396,0.820877,-0.568941,0.014594,-0.047478,0.000000,2.000000,1.000000,0.000000,0.000000
6.745000,0.515148,-0.488681,0.367359,0.820501,-0.569487,0.014582,-0.047428,0.000000,2.000000,1.000000,0.000000,0.000000
6.750000,0.514485,-0.489375,0.367323,0.820124,-0.570035,0.014572,-0.047378,0.000000,2.000000,1.000000,0.000000,0.000000
6.755000,0.513820,-0.490069,0.367288,0.819746,-0.570583,0.014562,-0.047330,0.000000,2.000000,1.000000,0.000000,0.000000
6.760000,0.513151,-0.490765,0.367255,0.819366,-0.571132,0.014554,-0.047282,0.000000,2.000000,1.000000,-0.000000,0.000000
6.765000,0.512480,-0.491461,0.367223,0.818985,-0.571683,0.014547,-0.047236,0.000000,2.000000,1.000000,-0.000000,0.000000
6.770000,0.511805,-0.492159,0.367192,0.818602,-0.572235,0.014541,-0.047190,0.000000,2.000000,1.000000,0.000000,0.000000
6.775000,0.511128,-0.492857,0.367162,0.818218,-0.572787,0.014536,-0.047146,0.000000,2.000000,1.000000,-0.000000,0.000000
6.780000,0.510448,-0.493556,0.367133,0.817833,-0.573341,0.014531,-0.047101,0.000000,2.000000,1.000000,0.000000,0.000000
6.785000,0.509766,-0.494256,0.367106,0.817446,-0.573896,0.014528,-0.047058,0.000000,2.000000,1.000000,0.000000,0.000000
6.790000,0.509080,-0.494957,0.367079,0.817058,-0.574452,0.014524,-0.047015,0.000000,2.000000,1.000000,0.000000,0.000000
6.795000,0.508392,-0.495658,0.367052,0.816669,-0.575009,0.014521,-0.046973,0.000000,2.000000,1.000000,0.000000,0.000000
6.800000,0.507702,-0.496360,0.367027,0.816278,-0.575566,0.014519,-0.046931,0.000000,2.000000,1.000000,-0.000000,0.000000
6.805000,0.507009,-0.497062,0.367001,0.815886,-0.576125,0.014517,-0.046890,0.000000,2.000000,1.000000,0.000000,0.000000
6.810000,0.506313,-0.497765,0.366977,0.815494,-0.576684,0.014516,-0.046849,0.000000,2.000000,1.000000,0.000000,0.000000
6.815000,0.505615,-0.498468,0.366952,0.815099,-0.577244,0.014514,-0.046810,0.000000,2.000000,1.000000,0.000000,0.000000
6.820000,0.504915,-0.499171,0.366928,0.814704,-0.577805,0.014513,-0.046771,0.000000,2.000000,1.000000,0.000000,0.000000
6.825000,0.504213,-0.499874,0.366903,0.814308,-0.578366,0.014511,-0.046733,0.000000,2.000000,1.000000,0.000000,0.000000
6.830000,0.503509,-0.500577,0.366878,0.813911,-0.578928,0.014509,-0.046696,0.000000,2.000000,1.000000,0.000000,0.000000
6.835000,0.502803,-0.501280,0.366853,0.813513,-0.579490,0.014507,-0.046660,0.000000,2.000000,1.000000,0.000000,0.000000
6.840000,0.502095,-0.501983,0.366827,0.813115,-0.580052,0.014505,-0.046625,0.000000,2.000000,1.000000,0.000000,0.000000
6.845000,0.501385,-0.502685,0.366800,0.812715,-0.580614,0.014502,-0.046592,0.000000,2.000000,1.000000,0.000000,0.000000
6.850000,0.500674,-0.503387,0.366772,0.812315,-0.581177,0.014498,-0.046560,0.000000,2.000000,1.000000,0.000000,0.000000
6.855000,0.499960,-0.504089,0.366743,0.811914,-0.581739,0.014493,-0.046529,0.000000,2.000000,1.000000,0.000000,0.000000
6.860000,0.499246,-0.504790,0.366712,0.811512,-0.582302,0.014486,-0.046500,0.000000,2.000000,1.000000,0.000000,0.000000
6.865000,0.498529,-0.505490,0.366680,0.811110,-0.582865,0.014478,-0.046472,0.000000,2.000000,1.000000,0.000000,0.000000
6.870000,0.497811,-0.506189,0.366646,0.810707,-0.583428,0.014469,-0.046446,0.000000,2.000000,1.000000,0.000000,0.000000
6.875000,0.497092,-0.506888,0.366610,0.810303,-0.583990,0.014459,-0.046420,0.000000,2.000000,1.000000,0.000000,0.000000
6.880000,0.496371,-0.507586,0.366572,0.809899,-0.584553,0.014446,-0.046397,0.000000,2.000000,1.000000,0.000000,0.000000
6.885000,0.495649,-0.508283,0.366532,0.809494,-0.585116,0.014430,-0.046375,0.000000,2.000000,1.000000,0.000000,0.000000
6.890000,0.494925,-0.508978,0.366489,0.809089,-0.585678,0.014412,-0.046355,0.000000,2.000000,1.000000,0.000000,0.000000
6.895000,0.494199,-0.509672,0.366444,0.808683,-0.586241,0.014390,-0.046338,0.000000,2.000000,1.000000,0.000000,0.000000
6.900000,0.493472,-0.510364,0.366396,0.808276,-0.586803,0.014365,-0.046323,0.000000,2.000000,1.000000,0.000000,0.000000
6.905000,0.492743,-0.511055,0.366345,0.807869,-0.587365,0.014336,-0.046309,0.000000,2.000000,1.000000,0.000000,0.000000
6.910000,0.492013,-0.511744,0.366292,0.807462,-0.587927,0.014303,-0.046298,0.000000,2.000000,1.000000,-0.000000,0.000000
6.915000,0.491281,-0.512431,0.366235,0.807054,-0.588488,0.014267,-0.046290,0.000000,2.000000,1.000000,0.000000,0.000000
6.920000,0.490548,-0.513116,0.366175,0.806645,-0.589049,0.014226,-0.046284,0.000000,2.000000,1.000000,0.000000,0.000000
6.925000,0.489813,-0.513798,0.366112,0.806236,-0.589610,0.014180,-0.046281,0.000000,2.000000,1.000000,0.000000,0.000000
6.930000,0.489078,-0.514478,0.366045,0.805827,-0.590170,0.014130,-0.046281,0.000000,2.000000,1.000000,0.000000,0.000000
6.935000,0.488341,-0.515156,0.365975,0.805418,-0.590730,0.014075,-0.046284,0.000000,2.000000,1.000000,0.000000,0.000000
6.940000,0.487604,-0.515831,0.365901,0.805009,-0.591288,0.014016,-0.046289,0.000000,2.000000,1.000000,0.000000,0.000000
6.945000,0.486865,-0.516504,0.365823,0.804599,-0.591847,0.013951,-0.046298,0.000000,2.000000,1.000000,0.000000,0.000000
6.950000,0.486126,-0.517174,0.365741,0.804189,-0.592404,0.013882,-0.046309,0.000000,2.000000,1.000000,0.000000,0.000000
6.955000,0.485386,-0.517841,0.365655,0.803779,-0.592961,0.013807,-0.046323,0.000000,2.000000,1.000000,0.000000,0.000000
6.960000,0.484645,-0.518505,0.365566,0.803369,-0.593516,0.013727,-0.046341,0.000000,2.000000,1.000000,0.000000,0.000000
6.965000,0.483904,-0.519166,0.365472,0.802960,-0.594071,0.013643,-0.046361,0.000000,2.000000,1.000000,0.000000,0.000000
6.970000,0.483163,-0.519824,0.365374,0.802550,-0.594625,0.013553,-0.046383,0.000000,2.000000,1.000000,0.000000,0.000000
6.975000,0.482421,-0.520479,0.365272,0.802140,-0.595178,0.013458,-0.046408,0.000000,2.000000,1.000000,0.000000,0.000000
6.980000,0.481679,-0.521131,0.365166,0.801731,-0.595729,0.013359,-0.046436,0.000000,2.000000,1.000000,0.000000,0.000000
6.985000,0.480937,-0.521780,0.365056,0.801321,-0.596280,0.013255,-0.046467,0.000000,2.000000,1.000000,0.000000,0.000000
6.990000,0.480196,-0.522426,0.364942,0.800912,-0.596829,0.013147,-0.046501,0.000000,2.000000,1.000000,0.000000,0.000000
6.995000,0.479455,-0.523069,0.364823,0.800504,-0.597376,0.013034,-0.046537,0.000000,2.000000,1.000000,0.000000,0.000000
7.000000,0.478714,-0.523708,0.364701,0.800096,-0.597922,0.012917,-0.046576,0.000000,2.000000,1.000000,0.000000,0.000000
7.005000,0.477974,-0.524344,0.364575,0.799688,-0.598467,0.012796,-0.046617,0.000000,2.000000,1.000000,0.000000,0.000000
7.010000,0.477235,-0.524977,0.364444,0.799281,-0.599010,0.012672,-0.046661,0.000000,2.000000,1.000000,0.000000,0.000000
7.015000,0.476497,-0.525606,0.364310,0.798874,-0.599551,0.012543,-0.046707,0.000000,2.000000,1.000000,0.000000,0.000000
7.020000,0.475760,-0.526232,0.364172,0.798468,-0.600090,0.012410,-0.046756,0.000000,2.000000,1.000000,0.000000,0.000000
7.025000,0.475024,-0.526853,0.364031,0.798063,-0.600628,0.012274,-0.046808,0.000000,2.000000,1.000000,0.000000,0.000000
7.030000,0.474290,-0.527471,0.363885,0.797659,-0.601163,0.012135,-0.046863,0.000000,2.000000,1.000000,0.000000,0.000000
7.035000,0.473558,-0.528085,0.363736,0.797256,-0.601696,0.011992,-0.046920,0.000000,2.000000,1.000000,0.000000,0.000000
7.040000,0.472828,-0.528696,0.363583,0.796853,-0.602227,0.011845,-0.046979,0.000000,2.000000,1.000000,-0.000000,0.000000
7.045000,0.472099,-0.529302,0.363427,0.796452,-0.602756,0.011696,-0.047040,0.000000,2.000000,1.000000,0.000000,0.000000
7.050000,0.471372,-0.529904,0.363268,0.796052,-0.603282,0.011543,-0.047104,0.000000,2.000000,1.000000,0.000000,0.000000
7.055000,0.470648,-0.530502,0.363105,0.795653,-0.603807,0.011386,-0.047169,0.000000,2.000000,1.000000,0.000000,0.000000
7.060000,0.469925,-0.531096,0.362939,0.795255,-0.604328,0.011227,-0.047237,0.000000,2.000000,1.000000,0.000000,0.000000
7.065000,0.469205,-0.531685,0.362770,0.794858,-0.604847,0.011064,-0.047307,0.000000,2.000000,1.000000,0.000000,0.000000
7.070000,0.468487,-0.532270,0.362598,0.794463,-0.605364,0.010898,-0.047378,0.000000,2.000000,1.000000,0.000000,0.000000
7.075000,0.467771,-0.532851,0.362423,0.794069,-0.605878,0.010729,-0.047451,0.000000,2.000000,1.000000,0.000000,0.000000
7.080000,0.467058,-0.533427,0.362246,0.793676,-0.606390,0.010556,-0.047525,0.000000,2.000000,1.000000,0.000000,0.000000
7.085000,0.466347,-0.533999,0.362065,0.793284,-0.606899,0.010381,-0.047601,0.000000,2.000000,1.000000,0.000000,0.000000
7.090000,0.465639,-0.534566,0.361883,0.792894,-0.607405,0.010203,-0.047678,0.000000,2.000000,1.000000,0.000000,0.000000
7.095000,0.464933,-0.535128,0.361698,0.792506,-0.607909,0.010021,-0.047756,0.000000,2.000000,1.000000,0.000000,0.000000
7.100000,0.464229,-0.535686,0.361511,0.792119,-0.608410,0.009836,-0.047836,0.000000,2.000000,1.000000,0.000000,0.000000
7.105000,0.463529,-0.536239,0.361322,0.791733,-0.608909,0.009649,-0.047916,0.000000,2.000000,1.000000,0.000000,0.000000
7.110000,0.462830,-0.536787,0.361130,0.791349,-0.609404,0.009458,-0.047998,0.000000,2.000000,1.000000,0.000000,0.000000
7.115000,0.462135,-0.537330,0.360937,0.790967,-0.609897,0.009264,-0.048081,0.000000,2.000000,1.000000,0.000000,0.000000
7.120000,0.461442,-0.537868,0.360743,0.790586,-0.610387,0.009066,-0.048165,0.000000,2.000000,1.000000,0.000000,0.000000
7.125000,0.460753,-0.538400,0.360546,0.790207,-0.610873,0.008866,-0.048250,0.000000,2.000000,1.000000,0.000000,0.000000
7.130000,0.460066,-0.538927,0.360349,0.789830,-0.611357,0.008661,-0.048336,0.000000,2.000000,1.000000,0.000000,0.000000
7.135000,0.459382,-0.539449,0.360149,0.789455,-0.611838,0.008454,-0.048424,0.000000,2.000000,1.000000,0.000000,0.000000
7.140000,0.458701,-0.539965,0.359949,0.789081,-0.612315,0.008243,-0.048512,0.000000,2.000000,1.000000,0.000000,0.000000
7.145000,0.458023,-0.540475,0.359748,0.788709,-0.612790,0.008028,-0.048601,0.000000,2.000000,1.000000,0.000000,0.000000
7.150000,0.457347,-0.540980,0.359545,0.788339,-0.613261,0.007811,-0.048690,0.000000,2.000000,1.000000,0.000000,0.000000
7.155000,0.456675,-0.541480,0.359342,0.787971,-0.613730,0.007589,-0.048781,0.000000,2.000000,1.000000,0.000000,0.000000
7.160000,0.456006,-0.541973,0.359138,0.787605,-0.614195,0.007364,-0.048872,0.000000,2.000000,1.000000,0.000000,0.000000
7.165000,0.455340,-0.542461,0.358934,0.787241,-0.614657,0.007136,-0.048963,0.000000,2.000000,1.000000,0.000000,0.000000
7.170000,0.454676,-0.542943,0.358730,0.786879,-0.615116,0.006904,-0.049055,0.000000,2.000000,1.000000,0.000000,0.000000
7.175000,0.454016,-0.543419,0.358525,0.786518,-0.615572,0.006669,-0.049146,0.000000,2.000000,1.000000,0.000000,0.000000
7.180000,0.453358,-0.543890,0.358320,0.786160,-0.616025,0.006430,-0.049238,0.000000,2.000000,1.000000,0.000000,0.000000
7.185000,0.452704,-0.544355,0.358116,0.785804,-0.616475,0.006188,-0.049330,0.000000,2.000000,1.000000,0.000000,0.000000
7.190000,0.452052,-0.544814,0.357911,0.785449,-0.616921,0.005943,-0.049422,0.000000,2.000000,1.000000,0.000000,0.000000
7.195000,0.451403,-0.545267,0.357707,0.785097,-0.617365,0.005694,-0.049514,0.000000,2.000000,1.000000,0.000000,0.000000
7.200000,0.450758,-0.545714,0.357503,0.784746,-0.617805,0.005442,-0.049606,0.000000,2.000000,1.000000,0.000000,0.000000
7.205000,0.450115,-0.546155,0.357301,0.784398,-0.618242,0.005186,-0.049698,0.000000,2.000000,1.000000,0.000000,0.000000
7.210000,0.449475,-0.546591,0.357098,0.784051,-0.618677,0.004927,-0.049789,0.000000,2.000000,1.000000,0.000000,0.000000
7.215000,0.448838,-0.547021,0.356897,0.783706,-0.619108,0.004666,-0.049881,0.000000,2.000000,1.000000,0.000000,0.000000
7.220000,0.448204,-0.547445,0.356697,0.783364,-0.619536,0.004401,-0.049971,0.000000,2.000000,1.000000,0.000000,0.000000
7.225000,0.447573,-0.547862,0.356498,0.783023,-0.619961,0.004132,-0.050062,0.000000,2.000000,1.000000,0.000000,0.000000
7.230000,0.446946,-0.548274,0.356301,0.782685,-0.620382,0.003861,-0.050153,0.000000,2.000000,1.000000,-0.000000,0.000000
7.235000,0.446321,-0.548680,0.356105,0.782349,-0.620801,0.003587,-0.050244,0.000000,2.000000,1.000000,0.000000,0.000000
7.240000,0.445699,-0.549080,0.355910,0.782014,-0.621216,0.003310,-0.050334,0.000000,2.000000,1.000000,-0.000000,0.000000
7.245000,0.445080,-0.549474,0.355717,0.781682,-0.621628,0.003030,-0.050424,0.000000,2.000000,1.000000,0.000000,0.000000
7.250000,0.444464,-0.549862,0.355526,0.781352,-0.622037,0.002746,-0.050514,0.000000,2.000000,1.000000,0.000000,0.000000
7.255000,0.443852,-0.550244,0.355337,0.781024,-0.622443,0.002460,-0.050603,0.000000,2.000000,1.000000,0.000000,0.000000
7.260000,0.443242,-0.550619,0.355150,0.780698,-0.622845,0.002172,-0.050692,0.000000,2.000000,1.000000,0.000000,0.000000
7.265000,0.442636,-0.550989,0.354965,0.780374,-0.623245,0.001880,-0.050781,0.000000,2.000000,1.000000,0.000000,0.000000
7.270000,0.442033,-0.551352,0.354782,0.780052,-0.623641,0.001585,-0.050870,0.000000,2.000000,1.000000,0.000000,0.000000
7.275000,0.441432,-0.551709,0.354602,0.779733,-0.624034,0.001288,-0.050958,0.000000,2.000000,1.000000,0.000000,0.000000
7.280000,0.440835,-0.552061,0.354425,0.779416,-0.624423,0.000988,-0.051046,0.000000,2.000000,1.000000,0.000000,0.000000
7.285000,0.440241,-0.552405,0.354250,0.779101,-0.624810,0.000685,-0.051134,0.000000,2.000000,1.000000,0.000000,0.000000
7.290000,0.439651,-0.552744,0.354078,0.778788,-0.625193,0.000380,-0.051222,0.000000,2.000000,1.000000,0.000000,0.000000
7.295000,0.439063,-0.553076,0.353910,0.778477,-0.625572,0.000071,-0.051309,0.000000,2.000000,1.000000,-0.000000,0.000000
7.300000,0.438479,-0.553402,0.353744,0.778169,-0.625949,-0.000240,-0.051397,0.000000,2.000000,1.000000,0.000000,0.000000
7.305000,0.437898,-0.553721,0.353581,0.777862,-0.626322,-0.000553,-0.051484,0.000000,2.000000,1.000000,0.000000,0.000000
7.310000,0.437320,-0.554035,0.353421,0.777558,-0.626693,-0.000869,-0.051571,0.000000,2.000000,1.000000,0.000000,0.000000
7.315000,0.436744,-0.554342,0.353265,0.777255,-0.627060,-0.001187,-0.051657,0.000000,2.000000,1.000000,0.000000,0.000000
7.320000,0.436172,-0.554642,0.353111,0.776955,-0.627425,-0.001508,-0.051743,0.000000,2.000000,1.000000,0.000000,0.000000
7.325000,0.435602,-0.554937,0.352962,0.776656,-0.627787,-0.001830,-0.051829,0.000000,2.000000,1.000000,0.000000,0.000000
7.330000,0.435036,-0.555225,0.352815,0.776359,-0.628146,-0.002155,-0.051914,0.000000,2.000000,1.000000,0.000000,0.000000
7.335000,0.434471,-0.555507,0.352673,0.776063,-0.628503,-0.002480,-0.051998,0.000000,2.000000,1.000000,0.000000,0.000000
7.340000,0.433910,-0.555784,0.352534,0.775769,-0.628858,-0.002808,-0.052082,0.000000,2.000000,1.000000,0.000000,0.000000
7.345000,0.433351,-0.556054,0.352399,0.775476,-0.629211,-0.003136,-0.052165,0.000000,2.000000,1.000000,0.000000,0.000000
7.350000,0.432794,-0.556318,0.352267,0.775184,-0.629561,-0.003466,-0.052247,0.000000,2.000000,1.000000,0.000000,0.000000
7.355000,0.432240,-0.556576,0.352139,0.774894,-0.629910,-0.003797,-0.052329,0.000000,2.000000,1.000000,-0.000000,0.000000
7.360000,0.431688,-0.556829,0.352016,0.774605,-0.630257,-0.004129,-0.052409,0.000000,2.000000,1.000000,0.000000,0.000000
7.365000,0.431138,-0.557075,0.351896,0.774317,-0.630602,-0.004462,-0.052489,0.000000,2.000000,1.000000,-0.000000,0.000000
7.370000,0.430591,-0.557315,0.351780,0.774030,-0.630945,-0.004796,-0.052568,0.000000,2.000000,1.000000,-0.000000,0.000000
7.375000,0.430046,-0.557550,0.351668,0.773744,-0.631286,-0.005130,-0.052648,0.000000,2.000000,1.000000,0.000000,0.000000
7.380000,0.429504,-0.557778,0.351560,0.773460,-0.631625,-0.005464,-0.052728,0.000000,2.000000,1.000000,0.000000,0.000000
7.385000,0.428964,-0.558001,0.351455,0.773177,-0.631961,-0.005799,-0.052808,0.000000,2.000000,1.000000,0.000000,0.000000
7.390000,0.428428,-0.558218,0.351354,0.772895,-0.632296,-0.006134,-0.052889,0.000000,2.000000,1.000000,0.000000,0.000000
7.395000,0.427894,-0.558429,0.351256,0.772615,-0.632628,-0.006469,-0.052970,0.000000,2.000000,1.000000,-0.000000,0.000000
7.400000,0.427363,-0.558634,0.351161,0.772337,-0.632958,-0.006804,-0.053053,0.000000,2.000000,1.000000,-0.000000,0.000000
7.405000,0.426834,-0.558834,0.351071,0.772059,-0.633285,-0.007139,-0.053135,0.000000,2.000000,1.000000,0.000000,0.000000
7.410000,0.426308,-0.559028,0.350984,0.771783,-0.633611,-0.007473,-0.053219,0.000000,2.000000,1.000000,0.000000,0.000000
7.415000,0.425785,-0.559216,0.350901,0.771508,-0.633935,-0.007808,-0.053303,0.000000,2.000000,1.000000,0.000000,0.000000
7.420000,0.425264,-0.559399,0.350821,0.771234,-0.634256,-0.008142,-0.053387,0.000000,2.000000,1.000000,0.000000,0.000000
7.425000,0.424746,-0.559577,0.350745,0.770962,-0.634576,-0.008476,-0.053471,0.000000,2.000000,1.000000,0.000000,0.000000
7.430000,0.424230,-0.559751,0.350672,0.770690,-0.634894,-0.008809,-0.053553,0.000000,2.000000,1.000000,0.000000,0.000000
7.435000,0.423715,-0.559920,0.350603,0.770419,-0.635212,-0.009142,-0.053633,0.000000,2.000000,1.000000,0.000000,0.000000
7.440000,0.423203,-0.560084,0.350538,0.770149,-0.635528,-0.009475,-0.053710,0.000000,2.000000,1.000000,0.000000,0.000000
7.445000,0.422692,-0.560244,0.350477,0.769879,-0.635844,-0.009807,-0.053784,0.000000,2.000000,1.000000,0.000000,0.000000
7.450000,0.422183,-0.560400,0.350419,0.769610,-0.636158,-0.010138,-0.053856,0.000000,2.000000,1.000000,0.000000,0.000000
7.455000,0.421676,-0.560552,0.350366,0.769341,-0.636472,-0.010469,-0.053926,0.000000,2.000000,1.000000,0.000000,0.000000
7.460000,0.421170,-0.560699,0.350317,0.769073,-0.636785,-0.010799,-0.053994,0.000000,2.000000,1.000000,0.000000,0.000000
7.465000,0.420666,-0.560841,0.350273,0.768805,-0.637097,-0.011128,-0.054059,0.000000,2.000000,1.000000,0.000000,0.000000
7.470000,0.420164,-0.560979,0.350233,0.768538,-0.637408,-0.011456,-0.054122,0.000000,2.000000,1.000000,0.000000,0.000000
7.475000,0.419663,-0.561112,0.350198,0.768271,-0.637719,-0.011784,-0.054183,0.000000,2.000000,1.000000,0.000000,0.000000
7.480000,0.419163,-0.561241,0.350168,0.768004,-0.638029,-0.012110,-0.054241,0.000000,2.000000,1.000000,0.000000,0.000000
7.485000,0.418664,-0.561366,0.350142,0.767737,-0.638339,-0.012436,-0.054297,0.000000,2.000000,1.000000,0.000000,0.000000
7.490000,0.418166,-0.561486,0.350122,0.767471,-0.638649,-0.012761,-0.054351,0.000000,2.000000,1.000000,0.000000,0.000000
7.495000,0.417669,-0.561601,0.350107,0.767204,-0.638958,-0.013086,-0.054403,0.000000,2.000000,1.000000,0.000000,0.000000
7.500000,0.417173,-0.561712,0.350096,0.766937,-0.639267,-0.013410,-0.054452,0.000000,2.000000,1.000000,0.000000,0.000000
7.505000,0.416677,-0.561818,0.350091,0.766670,-0.639576,-0.013734,-0.054499,0.000000,2.000000,1.000000,0.000000,0.000000
7.510000,0.416181,-0.561921,0.350091,0.766403,-0.639886,-0.014057,-0.054543,0.000000,2.000000,1.000000,0.000000,0.000000
7.515000,0.415685,-0.562018,0.350097,0.766136,-0.640195,-0.014379,-0.054585,0.000000,2.000000,1.000000,0.000000,0.000000
7.520000,0.415190,-0.562112,0.350107,0.765868,-0.640505,-0.014700,-0.054625,0.000000,2.000000,1.000000,0.000000,0.000000
7.525000,0.414695,-0.562200,0.350123,0.765600,-0.640815,-0.015021,-0.054663,0.000000,2.000000,1.000000,0.000000,0.000000
7.530000,0.414199,-0.562285,0.350144,0.765331,-0.641125,-0.015342,-0.054698,0.000000,2.000000,1.000000,0.000000,0.000000
7.535000,0.413703,-0.562365,0.350171,0.765061,-0.641436,-0.015662,-0.054731,0.000000,2.000000,1.000000,0.000000,0.000000
7.540000,0.413207,-0.562441,0.350203,0.764791,-0.641748,-0.015981,-0.054762,0.000000,2.000000,1.000000,0.000000,0.000000
7.545000,0.412711,-0.562513,0.350240,0.764520,-0.642060,-0.016299,-0.054791,0.000000,2.000000,1.000000,0.000000,0.000000
7.550000,0.412214,-0.562581,0.350283,0.764248,-0.642373,-0.016617,-0.054818,0.000000,2.000000,1.000000,0.000000,0.000000
7.555000,0.411717,-0.562644,0.350331,0.763976,-0.642687,-0.016934,-0.054843,0.000000,2.000000,1.000000,0.000000,0.000000
7.560000,0.411218,-0.562704,0.350384,0.763702,-0.643002,-0.017250,-0.054866,0.000000,2.000000,1.000000,0.000000,0.000000
7.565000,0.410720,-0.562759,0.350442,0.763428,-0.643317,-0.017566,-0.054887,0.000000,2.000000,1.000000,0.000000,0.000000
7.570000,0.410220,-0.562809,0.350506,0.763152,-0.643634,-0.017882,-0.054907,0.000000,2.000000,1.000000,0.000000,0.000000
7.575000,0.409719,-0.562856,0.350574,0.762875,-0.643951,-0.018197,-0.054924,0.000000,2.000000,1.000000,0.000000,0.000000
7.580000,0.409217,-0.562898,0.350648,0.762598,-0.644270,-0.018512,-0.054941,0.000000,2.000000,1.000000,0.000000,0.000000
7.585000,0.408715,-0.562937,0.350726,0.762319,-0.644590,-0.018827,-0.054955,0.000000,2.000000,1.000000,0.000000,0.000000
7.590000,0.408211,-0.562971,0.350809,0.762038,-0.644911,-0.019141,-0.054969,0.000000,2.000000,1.000000,0.000000,0.000000
7.595000,0.407706,-0.563001,0.350897,0.761757,-0.645233,-0.019455,-0.054981,0.000000,2.000000,1.000000,0.000000,0.000000
7.600000,0.407199,-0.563026,0.350989,0.761474,-0.645556,-0.019769,-0.054991,0.000000,2.000000,1.000000,0.000000,0.000000
7.605000,0.406691,-0.563048,0.351086,0.761189,-0.645881,-0.020084,-0.055001,0.000000,2.000000,1.000000,-0.000000,0.000000
7.610000,0.406182,-0.563065,0.351187,0.760903,-0.646207,-0.020399,-0.055009,0.000000,2.000000,1.000000,0.000000,0.000000
7.615000,0.405671,-0.563078,0.351292,0.760616,-0.646535,-0.020714,-0.055016,0.000000,2.000000,1.000000,0.000000,0.000000
7.620000,0.405159,-0.563087,0.351401,0.760327,-0.646864,-0.021029,-0.055023,0.000000,2.000000,1.000000,0.000000,0.000000
7.625000,0.404645,-0.563092,0.351514,0.760037,-0.647195,-0.021345,-0.055028,0.000000,2.000000,1.000000,0.000000,0.000000
7.630000,0.404130,-0.563093,0.351631,0.759745,-0.647525,-0.021663,-0.055034,0.000000,2.000000,1.000000,0.000000,0.000000
7.635000,0.403613,-0.563091,0.351751,0.759453,-0.647857,-0.021982,-0.055038,0.000000,2.000000,1.000000,0.000000,0.000000
7.640000,0.403095,-0.563087,0.351875,0.759161,-0.648188,-0.022303,-0.055043,0.000000,2.000000,1.000000,0.000000,0.000000
7.645000,0.402575,-0.563080,0.352002,0.758868,-0.648519,-0.022626,-0.055048,0.000000,2.000000,1.000000,0.000000,0.000000
7.650000,0.402054,-0.563071,0.352133,0.758574,-0.648851,-0.022951,-0.055053,0.000000,2.000000,1.000000,0.000000,0.000000
7.655000,0.401531,-0.563060,0.352267,0.758281,-0.649182,-0.023278,-0.055059,0.000000,2.000000,1.000000,0.000000,0.000000
7.660000,0.401007,-0.563046,0.352403,0.757986,-0.649513,-0.023608,-0.055064,0.000000,2.000000,1.000000,0.000000,0.000000
7.665000,0.400481,-0.563029,0.352543,0.757691,-0.649845,-0.023939,-0.055071,0.000000,2.000000,1.000000,0.000000,0.000000
7.670000,0.399954,-0.563010,0.352684,0.757395,-0.650177,-0.024273,-0.055078,0.000000,2.000000,1.000000,0.000000,0.000000
7.675000,0.399425,-0.562989,0.352829,0.757099,-0.650509,-0.024609,-0.055086,0.000000,2.000000,1.000000,0.000000,0.000000
7.680000,0.398895,-0.562965,0.352975,0.756801,-0.650841,-0.024947,-0.055094,0.000000,2.000000,1.000000,0.000000,0.000000
7.685000,0.398363,-0.562939,0.353123,0.756503,-0.651173,-0.025288,-0.055104,0.000000,2.000000,1.000000,0.000000,0.000000
7.690000,0.397830,-0.562910,0.353273,0.756204,-0.651507,-0.025630,-0.055114,0.000000,2.000000,1.000000,0.000000,0.000000
7.695000,0.397295,-0.562878,0.353424,0.755904,-0.651840,-0.025975,-0.055126,0.000000,2.000000,1.000000,0.000000,0.000000
7.700000,0.396760,-0.562844,0.353577,0.755603,-0.652174,-0.026321,-0.055138,0.000000,2.000000,1.000000,0.000000,0.000000
7.705000,0.396223,-0.562807,0.353732,0.755302,-0.652508,-0.026670,-0.055152,0.000000,2.000000,1.000000,0.000000,0.000000
7.710000,0.395685,-0.562768,0.353887,0.754999,-0.652842,-0.027020,-0.055167,0.000000,2.000000,1.000000,0.000000,0.000000
7.715000,0.395146,-0.562726,0.354044,0.754696,-0.653177,-0.027372,-0.055183,0.000000,2.000000,1.000000,0.000000,0.000000
7.720000,0.394606,-0.562681,0.354202,0.754392,-0.653512,-0.027726,-0.055200,0.000000,2.000000,1.000000,0.000000,0.000000
7.725000,0.394065,-0.562633,0.354360,0.754087,-0.653847,-0.028081,-0.055219,0.000000,2.000000,1.000000,0.000000,0.000000
7.730000,0.393524,-0.562583,0.354520,0.753781,-0.654182,-0.028438,-0.055239,0.000000,2.000000,1.000000,0.000000,0.000000
7.735000,0.392982,-0.562530,0.354679,0.753475,-0.654517,-0.028795,-0.055260,0.000000,2.000000,1.000000,0.000000,0.000000
7.740000,0.392441,-0.562474,0.354840,0.753168,-0.654853,-0.029154,-0.055283,0.000000,2.000000,1.000000,0.000000,0.000000
7.745000,0.391900,-0.562415,0.355001,0.752861,-0.655188,-0.029513,-0.055308,0.000000,2.000000,1.000000,0.000000,0.000000
7.750000,0.391359,-0.562353,0.355162,0.752553,-0.655523,-0.029873,-0.055335,0.000000,2.000000,1.000000,0.000000,0.000000
7.755000,0.390818,-0.562289,0.355324,0.752245,-0.655857,-0.030233,-0.055363,0.000000,2.000000,1.000000,0.000000,0.000000
7.760000,0.390278,-0.562221,0.355486,0.751936,-0.656192,-0.030594,-0.055392,0.000000,2.000000,1.000000,0.000000,0.000000
7.765000,0.389739,-0.562151,0.355648,0.751628,-0.656526,-0.030955,-0.055423,0.000000,2.000000,1.000000,0.000000,0.000000
7.770000,0.389201,-0.562078,0.355810,0.751319,-0.656859,-0.031316,-0.055455,0.000000,2.000000,1.000000,0.000000,0.000000
7.775000,0.388664,-0.562001,0.355972,0.751010,-0.657192,-0.031676,-0.055489,0.000000,2.000000,1.000000,0.000000,0.000000
7.780000,0.388129,-0.561922,0.356134,0.750702,-0.657524,-0.032036,-0.055524,0.000000,2.000000,1.000000,0.000000,0.000000
7.785000,0.387595,-0.561840,0.356296,0.750393,-0.657855,-0.032396,-0.055561,0.000000,2.000000,1.000000,0.000000,0.000000
7.790000,0.387063,-0.561755,0.356458,0.750085,-0.658186,-0.032755,-0.055599,0.000000,2.000000,1.000000,0.000000,0.000000
7.795000,0.386533,-0.561667,0.356619,0.749777,-0.658516,-0.033114,-0.055638,0.000000,2.000000,1.000000,0.000000,0.000000
7.800000,0.386004,-0.561576,0.356780,0.749469,-0.658845,-0.033471,-0.055678,0.000000,2.000000,1.000000,0.000000,0.000000
7.805000,0.385478,-0.561481,0.356941,0.749161,-0.659173,-0.033828,-0.055719,0.000000,2.000000,1.000000,0.000000,0.000000
7.810000,0.384954,-0.561384,0.357100,0.748854,-0.659500,-0.034184,-0.055762,0.000000,2.000000,1.000000,0.000000,0.000000
7.815000,0.384432,-0.561283,0.357259,0.748547,-0.659826,-0.034539,-0.055805,0.000000,2.000000,1.000000,0.000000,0.000000
7.820000,0.383912,-0.561180,0.357417,0.748240,-0.660152,-0.034893,-0.055849,0.000000,2.000000,1.000000,0.000000,0.000000
7.825000,0.383395,-0.561073,0.357574,0.747934,-0.660476,-0.035246,-0.055894,0.000000,2.000000,1.000000,0.000000,0.000000
7.830000,0.382881,-0.560964,0.357730,0.747628,-0.660799,-0.035598,-0.055940,0.000000,2.000000,1.000000,0.000000,0.000000
7.835000,0.382369,-0.560851,0.357885,0.747323,-0.661122,-0.035948,-0.055986,0.000000,2.000000,1.000000,0.000000,0.000000
7.840000,0.381860,-0.560735,0.358038,0.747018,-0.661443,-0.036297,-0.056033,0.000000,2.000000,1.000000,0.000000,0.000000
7.845000,0.381353,-0.560616,0.358190,0.746713,-0.661764,-0.036645,-0.056080,0.000000,2.000000,1.000000,0.000000,0.000000
7.850000,0.380850,-0.560495,0.358340,0.746409,-0.662084,-0.036990,-0.056128,0.000000,2.000000,1.000000,0.000000,0.000000
7.855000,0.380349,-0.560370,0.358488,0.746105,-0.662403,-0.037335,-0.056175,0.000000,2.000000,1.000000,0.000000,0.000000
7.860000,0.379851,-0.560242,0.358635,0.745802,-0.662721,-0.037677,-0.056223,0.000000,2.000000,1.000000,0.000000,0.000000
7.865000,0.379356,-0.560112,0.358779,0.745499,-0.663038,-0.038017,-0.056272,0.000000,2.000000,1.000000,0.000000,0.000000
7.870000,0.378864,-0.559979,0.358921,0.745197,-0.663354,-0.038355,-0.056320,0.000000,2.000000,1.000000,0.000000,0.000000
7.875000,0.378376,-0.559843,0.359061,0.744894,-0.663670,-0.038690,-0.056368,0.000000,2.000000,1.000000,0.000000,0.000000
7.880000,0.377890,-0.559704,0.359199,0.744593,-0.663985,-0.039022,-0.056416,0.000000,2.000000,1.000000,0.000000,0.000000
7.885000,0.377408,-0.559563,0.359334,0.744292,-0.664299,-0.039352,-0.056464,0.000000,2.000000,1.000000,0.000000,0.000000
7.890000,0.376930,-0.559419,0.359466,0.743991,-0.664613,-0.039678,-0.056511,0.000000,2.000000,1.000000,0.000000,0.000000
7.895000,0.376454,-0.559272,0.359596,0.743690,-0.664925,-0.040002,-0.056558,0.000000,2.000000,1.000000,0.000000,0.000000
7.900000,0.375982,-0.559123,0.359723,0.743390,-0.665238,-0.040323,-0.056605,0.000000,2.000000,1.000000,0.000000,0.000000
7.905000,0.375514,-0.558971,0.359847,0.743090,-0.665549,-0.040640,-0.056651,0.000000,2.000000,1.000000,0.000000,0.000000
7.910000,0.375048,-0.558817,0.359968,0.742791,-0.665860,-0.040955,-0.056697,0.000000,2.000000,1.000000,0.000000,0.000000
7.915000,0.374587,-0.558659,0.360086,0.742492,-0.666171,-0.041266,-0.056743,0.000000,2.000000,1.000000,0.000000,0.000000
7.920000,0.374129,-0.558500,0.360200,0.742193,-0.666481,-0.041574,-0.056788,0.000000,2.000000,1.000000,0.000000,0.000000
7.925000,0.373674,-0.558337,0.360311,0.741895,-0.666790,-0.041879,-0.056832,0.000000,2.000000,1.000000,0.000000,0.000000
7.930000,0.373223,-0.558172,0.360418,0.741596,-0.667099,-0.042180,-0.056875,0.000000,2.000000,1.000000,0.000000,0.000000
7.935000,0.372775,-0.558004,0.360522,0.741298,-0.667407,-0.042479,-0.056918,0.000000,2.000000,1.000000,0.000000,0.000000
7.940000,0.372331,-0.557833,0.360621,0.741001,-0.667715,-0.042774,-0.056961,0.000000,2.000000,1.000000,0.000000,0.000000
7.945000,0.371891,-0.557660,0.360717,0.740704,-0.668022,-0.043066,-0.057003,0.000000,2.000000,1.000000,0.000000,0.000000
7.950000,0.371454,-0.557483,0.360808,0.740410,-0.668326,-0.043355,-0.057045,0.000000,2.000000,1.000000,0.000000,0.000000
7.955000,0.371020,-0.557304,0.360894,0.740117,-0.668628,-0.043640,-0.057087,0.000000,2.000000,1.000000,0.000000,0.000000
7.960000,0.370590,-0.557121,0.360976,0.739827,-0.668927,-0.043923,-0.057128,0.000000,2.000000,1.000000,0.000000,0.000000
7.965000,0.370163,-0.556936,0.361053,0.739540,-0.669223,-0.044202,-0.057168,0.000000,2.000000,1.000000,0.000000,0.000000
7.970000,0.369739,-0.556747,0.361125,0.739255,-0.669516,-0.044479,-0.057209,0.000000,2.000000,1.000000,0.000000,0.000000
7.975000,0.369318,-0.556556,0.361191,0.738973,-0.669805,-0.044753,-0.057249,0.000000,2.000000,1.000000,0.000000,0.000000
7.980000,0.368900,-0.556361,0.361251,0.738694,-0.670091,-0.045024,-0.057289,0.000000,2.000000,1.000000,0.000000,0.000000
7.985000,0.368485,-0.556163,0.361306,0.738417,-0.670374,-0.045292,-0.057329,0.000000,2.000000,1.000000,0.000000,0.000000
7.990000,0.368073,-0.555962,0.361354,0.738144,-0.670654,-0.045557,-0.057368,0.000000,2.000000,1.000000,0.000000,0.000000
7.995000,0.367663,-0.555757,0.361396,0.737873,-0.670931,-0.045820,-0.057407,0.000000,2.000000,1.000000,0.000000,0.000000
8.000000,0.367257,-0.555549,0.361432,0.737606,-0.671204,-0.046079,-0.057446,0.000000,2.000000,1.000000,0.000000,0.000000
8.005000,0.366853,-0.555338,0.361461,0.737341,-0.671474,-0.046335,-0.057484,0.000000,2.000000,1.000000,0.000000,0.000000
8.010000,0.366451,-0.555124,0.361483,0.737079,-0.671740,-0.046589,-0.057523,0.000000,2.000000,1.000000,-0.000000,0.000000
8.015000,0.366053,-0.554906,0.361498,0.736820,-0.672003,-0.046838,-0.057561,0.000000,2.000000,1.000000,0.000000,0.000000
8.020000,0.365657,-0.554685,0.361506,0.736565,-0.672263,-0.047085,-0.057599,0.000000,2.000000,1.000000,0.000000,0.000000
8.025000,0.365263,-0.554460,0.361506,0.736312,-0.672520,-0.047328,-0.057637,0.000000,2.000000,1.000000,0.000000,0.000000
8.030000,0.364872,-0.554232,0.361499,0.736062,-0.672774,-0.047568,-0.057674,0.000000,2.000000,1.000000,0.000000,0.000000
8.035000,0.364483,-0.554001,0.361485,0.735815,-0.673024,-0.047804,-0.057711,0.000000,2.000000,1.000000,0.000000,0.000000
8.040000,0.364097,-0.553765,0.361462,0.735571,-0.673271,-0.048037,-0.057748,0.000000,2.000000,1.000000,0.000000,0.000000
8.045000,0.363714,-0.553526,0.361431,0.735330,-0.673514,-0.048267,-0.057785,0.000000,2.000000,1.000000,0.000000,0.000000
8.050000,0.363333,-0.553283,0.361392,0.735092,-0.673754,-0.048494,-0.057822,0.000000,2.000000,1.000000,0.000000,0.000000
8.055000,0.362954,-0.553034,0.361345,0.734857,-0.673991,-0.048721,-0.057862,0.000000,2.000000,1.000000,0.000000,0.000000
8.060000,0.362577,-0.552778,0.361290,0.734624,-0.674224,-0.048950,-0.057905,0.000000,2.000000,1.000000,0.000000,0.000000
8.065000,0.362201,-0.552516,0.361227,0.734394,-0.674454,-0.049181,-0.057952,0.000000,2.000000,1.000000,0.000000,0.000000
8.070000,0.361827,-0.552246,0.361155,0.734167,-0.674680,-0.049415,-0.058003,0.000000,2.000000,1.000000,0.000000,0.000000
8.075000,0.361455,-0.551968,0.361076,0.733942,-0.674902,-0.049652,-0.058058,0.000000,2.000000,1.000000,0.000000,0.000000
8.080000,0.361085,-0.551683,0.360988,0.733720,-0.675121,-0.049893,-0.058118,0.000000,2.000000,1.000000,0.000000,0.000000
8.085000,0.360716,-0.551390,0.360893,0.733500,-0.675336,-0.050136,-0.058180,0.000000,2.000000,1.000000,0.000000,0.000000
8.090000,0.360349,-0.551092,0.360790,0.733283,-0.675548,-0.050380,-0.058244,0.000000,2.000000,1.000000,0.000000,0.000000
8.095000,0.359984,-0.550788,0.360679,0.733069,-0.675756,-0.050624,-0.058308,0.000000,2.000000,1.000000,0.000000,0.000000
8.100000,0.359622,-0.550479,0.360561,0.732858,-0.675962,-0.050865,-0.058372,0.000000,2.000000,1.000000,0.000000,0.000000
8.105000,0.359262,-0.550166,0.360435,0.732651,-0.676163,-0.051104,-0.058435,0.000000,2.000000,1.000000,0.000000,0.000000
8.110000,0.358905,-0.549848,0.360300,0.732446,-0.676362,-0.051339,-0.058498,0.000000,2.000000,1.000000,0.000000,0.000000
8.115000,0.358551,-0.549526,0.360158,0.732245,-0.676557,-0.051569,-0.058559,0.000000,2.000000,1.000000,0.000000,0.000000
8.120000,0.358200,-0.549200,0.360008,0.732047,-0.676748,-0.051795,-0.058620,0.000000,2.000000,1.000000,0.000000,0.000000
8.125000,0.357852,-0.548870,0.359851,0.731853,-0.676937,-0.052015,-0.058678,0.000000,2.000000,1.000000,0.000000,0.000000
8.130000,0.357507,-0.548535,0.359684,0.731661,-0.677122,-0.052230,-0.058736,0.000000,2.000000,1.000000,0.000000,0.000000
8.135000,0.357166,-0.548197,0.359510,0.731474,-0.677303,-0.052440,-0.058792,0.000000,2.000000,1.000000,0.000000,0.000000
8.140000,0.356829,-0.547855,0.359328,0.731290,-0.677481,-0.052643,-0.058847,0.000000,2.000000,1.000000,0.000000,0.000000
8.145000,0.356495,-0.547508,0.359138,0.731109,-0.677656,-0.052840,-0.058900,0.000000,2.000000,1.000000,0.000000,0.000000
8.150000,0.356164,-0.547158,0.358939,0.730932,-0.677828,-0.053030,-0.058951,0.000000,2.000000,1.000000,0.000000,0.000000
8.155000,0.355838,-0.546803,0.358733,0.730760,-0.677995,-0.053213,-0.059003,0.000000,2.000000,1.000000,0.000000,0.000000
8.160000,0.355517,-0.546443,0.358518,0.730590,-0.678159,-0.053389,-0.059055,0.000000,2.000000,1.000000,0.000000,0.000000
8.165000,0.355199,-0.546078,0.358296,0.730425,-0.678319,-0.053559,-0.059107,0.000000,2.000000,1.000000,0.000000,0.000000
8.170000,0.354886,-0.545709,0.358066,0.730264,-0.678475,-0.053720,-0.059160,0.000000,2.000000,1.000000,0.000000,0.000000
8.175000,0.354577,-0.545335,0.357828,0.730107,-0.678628,-0.053874,-0.059212,0.000000,2.000000,1.000000,0.000000,0.000000
8.180000,0.354273,-0.544956,0.357583,0.729953,-0.678777,-0.054021,-0.059264,0.000000,2.000000,1.000000,0.000000,0.000000
8.185000,0.353972,-0.544572,0.357331,0.729803,-0.678923,-0.054160,-0.059316,0.000000,2.000000,1.000000,0.000000,0.000000
8.190000,0.353676,-0.544184,0.357071,0.729656,-0.679066,-0.054291,-0.059366,0.000000,2.000000,1.000000,0.000000,0.000000
8.195000,0.353383,-0.543791,0.356804,0.729513,-0.679205,-0.054415,-0.059414,0.000000,2.000000,1.000000,0.000000,0.000000
8.200000,0.353094,-0.543393,0.356531,0.729374,-0.679342,-0.054531,-0.059460,0.000000,2.000000,1.000000,0.000000,0.000000
8.205000,0.352809,-0.542990,0.356250,0.729238,-0.679475,-0.054639,-0.059505,0.000000,2.000000,1.000000,0.000000,0.000000
8.210000,0.352528,-0.542583,0.355962,0.729106,-0.679605,-0.054739,-0.059547,0.000000,2.000000,1.000000,0.000000,0.000000
8.215000,0.352251,-0.542171,0.355668,0.728977,-0.679732,-0.054830,-0.059588,0.000000,2.000000,1.000000,0.000000,0.000000
8.220000,0.351978,-0.541754,0.355366,0.728852,-0.679855,-0.054913,-0.059626,0.000000,2.000000,1.000000,0.000000,0.000000
8.225000,0.351709,-0.541332,0.355059,0.728731,-0.679976,-0.054988,-0.059661,0.000000,2.000000,1.000000,0.000000,0.000000
8.230000,0.351444,-0.540906,0.354745,0.728614,-0.680094,-0.055054,-0.059694,0.000000,2.000000,1.000000,0.000000,0.000000
8.235000,0.351183,-0.540475,0.354424,0.728500,-0.680209,-0.055112,-0.059723,0.000000,2.000000,1.000000,0.000000,0.000000
8.240000,0.350925,-0.540039,0.354098,0.728390,-0.680320,-0.055161,-0.059749,0.000000,2.000000,1.000000,0.000000,0.000000
8.245000,0.350672,-0.539598,0.353765,0.728283,-0.680429,-0.055201,-0.059773,0.000000,2.000000,1.000000,0.000000,0.000000
8.250000,0.350422,-0.539152,0.353426,0.728180,-0.680535,-0.055232,-0.059793,0.000000,2.000000,1.000000,0.000000,0.000000
8.255000,0.350176,-0.538702,0.353082,0.728080,-0.680639,-0.055255,-0.059809,0.000000,2.000000,1.000000,0.000000,0.000000
8.260000,0.349933,-0.538246,0.352731,0.727984,-0.680739,-0.055269,-0.059822,0.000000,2.000000,1.000000,0.000000,0.000000
8.265000,0.349694,-0.537786,0.352375,0.727892,-0.680837,-0.055274,-0.059831,0.000000,2.000000,1.000000,0.000000,0.000000
8.270000,0.349459,-0.537321,0.352014,0.727802,-0.680932,-0.055271,-0.059836,0.000000,2.000000,1.000000,0.000000,0.000000
8.275000,0.349227,-0.536850,0.351647,0.727716,-0.681025,-0.055259,-0.059837,0.000000,2.000000,1.000000,0.000000,0.000000
8.280000,0.348998,-0.536375,0.351274,0.727634,-0.681115,-0.055238,-0.059834,0.000000,2.000000,1.000000,0.000000,0.000000
8.285000,0.348772,-0.535894,0.350897,0.727555,-0.681202,-0.055209,-0.059828,0.000000,2.000000,1.000000,0.000000,0.000000
8.290000,0.348550,-0.535408,0.350514,0.727479,-0.681287,-0.055172,-0.059818,0.000000,2.000000,1.000000,0.000000,0.000000
8.295000,0.348331,-0.534917,0.350125,0.727407,-0.681369,-0.055127,-0.059804,0.000000,2.000000,1.000000,0.000000,0.000000
8.300000,0.348115,-0.534420,0.349732,0.727338,-0.681448,-0.055073,-0.059787,0.000000,2.000000,1.000000,0.000000,0.000000
8.305000,0.347902,-0.533918,0.349334,0.727273,-0.681525,-0.055010,-0.059765,0.000000,2.000000,1.000000,0.000000,0.000000
8.310000,0.347692,-0.533411,0.348931,0.727210,-0.681600,-0.054939,-0.059740,0.000000,2.000000,1.000000,0.000000,0.000000
8.315000,0.347485,-0.532899,0.348522,0.727151,-0.681671,-0.054860,-0.059711,0.000000,2.000000,1.000000,0.000000,0.000000
8.320000,0.347282,-0.532381,0.348109,0.727096,-0.681740,-0.054773,-0.059678,0.000000,2.000000,1.000000,0.000000,0.000000
8.325000,0.347081,-0.531858,0.347691,0.727044,-0.681807,-0.054677,-0.059641,0.000000,2.000000,1.000000,0.000000,0.000000
8.330000,0.346883,-0.531329,0.347269,0.726995,-0.681871,-0.054572,-0.059601,0.000000,2.000000,1.000000,0.000000,0.000000
8.335000,0.346688,-0.530796,0.346841,0.726949,-0.681933,-0.054460,-0.059556,0.000000,2.000000,1.000000,0.000000,0.000000
8.340000,0.346495,-0.530257,0.346410,0.726906,-0.681992,-0.054338,-0.059507,0.000000,2.000000,1.000000,0.000000,0.000000
8.345000,0.346306,-0.529712,0.345973,0.726867,-0.682049,-0.054209,-0.059455,0.000000,2.000000,1.000000,0.000000,0.000000
8.350000,0.346119,-0.529163,0.345532,0.726831,-0.682104,-0.054070,-0.059398,0.000000,2.000000,1.000000,0.000000,0.000000
8.355000,0.345934,-0.528609,0.345087,0.726797,-0.682156,-0.053924,-0.059338,0.000000,2.000000,1.000000,-0.000000,0.000000
8.360000,0.345753,-0.528049,0.344638,0.726768,-0.682206,-0.053768,-0.059273,0.000000,2.000000,1.000000,0.000000,0.000000
8.365000,0.345573,-0.527484,0.344184,0.726741,-0.682253,-0.053604,-0.059204,0.000000,2.000000,1.000000,0.000000,0.000000
8.370000,0.345396,-0.526915,0.343726,0.726717,-0.682299,-0.053432,-0.059131,0.000000,2.000000,1.000000,0.000000,0.000000
8.375000,0.345221,-0.526340,0.343264,0.726696,-0.682342,-0.053252,-0.059054,0.000000,2.000000,1.000000,0.000000,0.000000
8.380000,0.345049,-0.525761,0.342798,0.726678,-0.682382,-0.053063,-0.058972,0.000000,2.000000,1.000000,0.000000,0.000000
8.385000,0.344878,-0.525176,0.342328,0.726663,-0.682421,-0.052865,-0.058887,0.000000,2.000000,1.000000,0.000000,0.000000
8.390000,0.344710,-0.524587,0.341854,0.726651,-0.682458,-0.052660,-0.058797,0.000000,2.000000,1.000000,0.000000,0.000000
8.395000,0.344543,-0.523993,0.341376,0.726641,-0.682492,-0.052446,-0.058702,0.000000,2.000000,1.000000,0.000000,0.000000
8.400000,0.344378,-0.523394,0.340895,0.726635,-0.682525,-0.052224,-0.058604,0.000000,2.000000,1.000000,0.000000,0.000000
8.405000,0.344215,-0.522791,0.340410,0.726631,-0.682555,-0.051994,-0.058501,0.000000,2.000000,1.000000,0.000000,0.000000
8.410000,0.344054,-0.522182,0.339921,0.726630,-0.682583,-0.051756,-0.058394,0.000000,2.000000,1.000000,0.000000,0.000000
8.415000,0.343894,-0.521570,0.339428,0.726632,-0.682610,-0.051511,-0.058282,0.000000,2.000000,1.000000,0.000000,0.000000
8.420000,0.343735,-0.520952,0.338932,0.726636,-0.682634,-0.051258,-0.058167,0.000000,2.000000,1.000000,0.000000,0.000000
8.425000,0.343578,-0.520330,0.338432,0.726643,-0.682656,-0.050997,-0.058048,0.000000,2.000000,1.000000,0.000000,0.000000
8.430000,0.343422,-0.519703,0.337928,0.726653,-0.682676,-0.050729,-0.057924,0.000000,2.000000,1.000000,0.000000,0.000000
8.435000,0.343267,-0.519072,0.337422,0.726665,-0.682694,-0.050456,-0.057795,0.000000,2.000000,1.000000,0.000000,0.000000
8.440000,0.343111,-0.518436,0.336912,0.726680,-0.682710,-0.050179,-0.057660,0.000000,2.000000,1.000000,0.000000,0.000000
8.445000,0.342955,-0.517796,0.336398,0.726698,-0.682724,-0.049898,-0.057518,0.000000,2.000000,1.000000,0.000000,0.000000
8.450000,0.342798,-0.517150,0.335881,0.726719,-0.682735,-0.049615,-0.057370,0.000000,2.000000,1.000000,0.000000,0.000000
8.455000,0.342640,-0.516499,0.335361,0.726743,-0.682743,-0.049329,-0.057217,0.000000,2.000000,1.000000,0.000000,0.000000
8.460000,0.342482,-0.515843,0.334838,0.726770,-0.682748,-0.049041,-0.057057,0.000000,2.000000,1.000000,0.000000,0.000000
8.465000,0.342324,-0.515182,0.334311,0.726801,-0.682750,-0.048751,-0.056892,0.000000,2.000000,1.000000,0.000000,0.000000
8.470000,0.342165,-0.514516,0.333781,0.726834,-0.682749,-0.048460,-0.056721,0.000000,2.000000,1.000000,0.000000,0.000000
8.475000,0.342005,-0.513845,0.333248,0.726871,-0.682745,-0.048167,-0.056545,0.000000,2.000000,1.000000,-0.000000,0.000000
8.480000,0.341845,-0.513169,0.332712,0.726912,-0.682738,-0.047872,-0.056365,0.000000,2.000000,1.000000,0.000000,0.000000
8.485000,0.341685,-0.512487,0.332173,0.726955,-0.682727,-0.047576,-0.056179,0.000000,2.000000,1.000000,0.000000,0.000000
8.490000,0.341524,-0.511801,0.331631,0.727003,-0.682713,-0.047279,-0.055989,0.000000,2.000000,1.000000,0.000000,0.000000
8.495000,0.341363,-0.511109,0.331086,0.727053,-0.682696,-0.046981,-0.055794,0.000000,2.000000,1.000000,0.000000,0.000000
8.500000,0.341202,-0.510412,0.330538,0.727107,-0.682676,-0.046682,-0.055594,0.000000,2.000000,1.000000,0.000000,0.000000
8.505000,0.341041,-0.509711,0.329988,0.727163,-0.682652,-0.046382,-0.055391,0.000000,2.000000,1.000000,0.000000,0.000000
8.510000,0.340880,-0.509004,0.329435,0.727224,-0.682625,-0.046082,-0.055183,0.000000,2.000000,1.000000,0.000000,0.000000
8.515000,0.340719,-0.508293,0.328879,0.727287,-0.682595,-0.045780,-0.054971,0.000000,2.000000,1.000000,0.000000,0.000000
8.520000,0.340559,-0.507577,0.328321,0.727354,-0.682561,-0.045478,-0.054756,0.000000,2.000000,1.000000,0.000000,0.000000
8.525000,0.340400,-0.506856,0.327761,0.727425,-0.682523,-0.045172,-0.054539,0.000000,2.000000,1.000000,0.000000,0.000000
8.530000,0.340243,-0.506131,0.327198,0.727498,-0.682483,-0.044863,-0.054321,0.000000,2.000000,1.000000,0.000000,0.000000
8.535000,0.340088,-0.505401,0.326633,0.727575,-0.682439,-0.044550,-0.054102,0.000000,2.000000,1.000000,0.000000,0.000000
8.540000,0.339936,-0.504668,0.326065,0.727654,-0.682393,-0.044232,-0.053882,0.000000,2.000000,1.000000,0.000000,0.000000
8.545000,0.339786,-0.503930,0.325496,0.727736,-0.682344,-0.043910,-0.053662,0.000000,2.000000,1.000000,0.000000,0.000000
8.550000,0.339639,-0.503188,0.324924,0.727820,-0.682292,-0.043584,-0.053443,0.000000,2.000000,1.000000,0.000000,0.000000
8.555000,0.339495,-0.502441,0.324351,0.727908,-0.682236,-0.043254,-0.053223,0.000000,2.000000,1.000000,0.000000,0.000000
8.560000,0.339354,-0.501691,0.323775,0.727998,-0.682178,-0.042920,-0.053005,0.000000,2.000000,1.000000,0.000000,0.000000
8.565000,0.339216,-0.500937,0.323196,0.728091,-0.682118,-0.042583,-0.052786,0.000000,2.000000,1.000000,0.000000,0.000000
8.570000,0.339081,-0.500178,0.322616,0.728186,-0.682054,-0.042242,-0.052568,0.000000,2.000000,1.000000,0.000000,0.000000
8.575000,0.338949,-0.499416,0.322034,0.728283,-0.681988,-0.041898,-0.052350,0.000000,2.000000,1.000000,0.000000,0.000000
8.580000,0.338819,-0.498650,0.321449,0.728384,-0.681919,-0.041552,-0.052133,0.000000,2.000000,1.000000,0.000000,0.000000
8.585000,0.338693,-0.497879,0.320862,0.728486,-0.681846,-0.041204,-0.051917,0.000000,2.000000,1.000000,0.000000,0.000000
8.590000,0.338570,-0.497104,0.320273,0.728592,-0.681771,-0.040855,-0.051702,0.000000,2.000000,1.000000,0.000000,0.000000
8.595000,0.338450,-0.496325,0.319682,0.728700,-0.681693,-0.040505,-0.051488,0.000000,2.000000,1.000000,0.000000,0.000000
8.600000,0.338333,-0.495541,0.319088,0.728810,-0.681612,-0.040154,-0.051275,0.000000,2.000000,1.000000,0.000000,0.000000
8.605000,0.338218,-0.494753,0.318492,0.728923,-0.681527,-0.039803,-0.051063,0.000000,2.000000,1.000000,0.000000,0.000000
8.610000,0.338107,-0.493962,0.317893,0.729039,-0.681440,-0.039452,-0.050853,0.000000,2.000000,1.000000,0.000000,0.000000
8.615000,0.337999,-0.493166,0.317293,0.729157,-0.681349,-0.039101,-0.050644,0.000000,2.000000,1.000000,0.000000,0.000000
8.620000,0.337895,-0.492365,0.316690,0.729277,-0.681255,-0.038751,-0.050436,0.000000,2.000000,1.000000,0.000000,0.000000
8.625000,0.337793,-0.491560,0.316084,0.729401,-0.681158,-0.038402,-0.050231,0.000000,2.000000,1.000000,0.000000,0.000000
8.630000,0.337695,-0.490751,0.315476,0.729527,-0.681058,-0.038054,-0.050027,0.000000,2.000000,1.000000,0.000000,0.000000
8.635000,0.337600,-0.489938,0.314866,0.729656,-0.680954,-0.037709,-0.049824,0.000000,2.000000,1.000000,0.000000,0.000000
8.640000,0.337508,-0.489120,0.314253,0.729788,-0.680846,-0.037365,-0.049624,0.000000,2.000000,1.000000,0.000000,0.000000
8.645000,0.337420,-0.488297,0.313638,0.729922,-0.680735,-0.037023,-0.049426,0.000000,2.000000,1.000000,0.000000,0.000000
8.650000,0.337335,-0.487470,0.313021,0.730059,-0.680620,-0.036685,-0.049230,0.000000,2.000000,1.000000,0.000000,0.000000
8.655000,0.337254,-0.486638,0.312401,0.730200,-0.680502,-0.036349,-0.049038,0.000000,2.000000,1.000000,0.000000,0.000000
8.660000,0.337177,-0.485802,0.311779,0.730343,-0.680379,-0.036017,-0.048848,0.000000,2.000000,1.000000,0.000000,0.000000
8.665000,0.337104,-0.484961,0.311154,0.730489,-0.680253,-0.035688,-0.048661,0.000000,2.000000,1.000000,0.000000,0.000000
8.670000,0.337035,-0.484115,0.310527,0.730638,-0.680123,-0.035362,-0.048477,0.000000,2.000000,1.000000,0.000000,0.000000
8.675000,0.336970,-0.483264,0.309898,0.730790,-0.679989,-0.035040,-0.048295,0.000000,2.000000,1.000000,0.000000,0.000000
8.680000,0.336909,-0.482409,0.309266,0.730945,-0.679852,-0.034723,-0.048117,0.000000,2.000000,1.000000,0.000000,0.000000
8.685000,0.336852,-0.481549,0.308631,0.731103,-0.679710,-0.034410,-0.047942,0.000000,2.000000,1.000000,0.000000,0.000000
8.690000,0.336800,-0.480684,0.307994,0.731264,-0.679565,-0.034103,-0.047771,0.000000,2.000000,1.000000,0.000000,0.000000
8.695000,0.336751,-0.479813,0.307355,0.731427,-0.679416,-0.033801,-0.047603,0.000000,2.000000,1.000000,0.000000,0.000000
8.700000,0.336707,-0.478938,0.306713,0.731594,-0.679262,-0.033504,-0.047439,0.000000,2.000000,1.000000,0.000000,0.000000
8.705000,0.336668,-0.478058,0.306068,0.731763,-0.679106,-0.033213,-0.047278,0.000000,2.000000,1.000000,0.000000,0.000000
8.710000,0.336632,-0.477173,0.305421,0.731935,-0.678945,-0.032927,-0.047121,0.000000,2.000000,1.000000,0.000000,0.000000
8.715000,0.336601,-0.476282,0.304772,0.732110,-0.678780,-0.032647,-0.046967,0.000000,2.000000,1.000000,0.000000,0.000000
8.720000,0.336575,-0.475387,0.304120,0.732289,-0.678612,-0.032374,-0.046817,0.000000,2.000000,1.000000,0.000000,0.000000
8.725000,0.336553,-0.474487,0.303465,0.732469,-0.678439,-0.032107,-0.046670,0.000000,2.000000,1.000000,0.000000,0.000000
8.730000,0.336535,-0.473582,0.302808,0.732653,-0.678263,-0.031846,-0.046527,0.000000,2.000000,1.000000,0.000000,0.000000
8.735000,0.336522,-0.472672,0.302149,0.732840,-0.678083,-0.031592,-0.046388,0.000000,2.000000,1.000000,0.000000,0.000000
8.740000,0.336513,-0.471758,0.301488,0.733029,-0.677899,-0.031344,-0.046251,0.000000,2.000000,1.000000,0.000000,0.000000
8.745000,0.336509,-0.470839,0.300824,0.733221,-0.677711,-0.031102,-0.046118,0.000000,2.000000,1.000000,0.000000,0.000000
8.750000,0.336510,-0.469915,0.300159,0.733416,-0.677519,-0.030867,-0.045987,0.000000,2.000000,1.000000,0.000000,0.000000
8.755000,0.336515,-0.468987,0.299491,0.733615,-0.677324,-0.030638,-0.045861,0.000000,2.000000,1.000000,0.000000,0.000000
8.760000,0.336526,-0.468054,0.298822,0.733816,-0.677124,-0.030414,-0.045737,0.000000,2.000000,1.000000,0.000000,0.000000
8.765000,0.336541,-0.467117,0.298151,0.734020,-0.676921,-0.030197,-0.045616,0.000000,2.000000,1.000000,0.000000,0.000000
8.770000,0.336561,-0.466176,0.297479,0.734227,-0.676714,-0.029985,-0.045499,0.000000,2.000000,1.000000,-0.000000,0.000000
8.775000,0.336586,-0.465231,0.296805,0.734437,-0.676502,-0.029779,-0.045384,0.000000,2.000000,1.000000,-0.000000,0.000000
8.780000,0.336616,-0.464282,0.296130,0.734650,-0.676287,-0.029579,-0.045272,0.000000,2.000000,1.000000,-0.000000,0.000000
8.785000,0.336651,-0.463329,0.295454,0.734866,-0.676068,-0.029384,-0.045162,0.000000,2.000000,1.000000,0.000000,0.000000
8.790000,0.336691,-0.462373,0.294777,0.735086,-0.675845,-0.029195,-0.045055,0.000000,2.000000,1.000000,0.000000,0.000000
8.795000,0.336737,-0.461412,0.294099,0.735309,-0.675617,-0.029011,-0.044951,0.000000,2.000000,1.000000,0.000000,0.000000
8.800000,0.336788,-0.460448,0.293421,0.735535,-0.675385,-0.028831,-0.044850,0.000000,2.000000,1.000000,-0.000000,0.000000
8.805000,0.336845,-0.459481,0.292742,0.735765,-0.675149,-0.028657,-0.044751,0.000000,2.000000,1.000000,0.000000,0.000000
8.810000,0.336907,-0.458510,0.292063,0.735997,-0.674909,-0.028487,-0.044654,0.000000,2.000000,1.000000,0.000000,0.000000
8.815000,0.336974,-0.457536,0.291384,0.736234,-0.674664,-0.028322,-0.044559,0.000000,2.000000,1.000000,-0.000000,0.000000
8.820000,0.337048,-0.456559,0.290706,0.736474,-0.674415,-0.028160,-0.044467,0.000000,2.000000,1.000000,0.000000,0.000000
8.825000,0.337127,-0.455579,0.290028,0.736718,-0.674162,-0.028002,-0.044376,0.000000,2.000000,1.000000,0.000000,0.000000
8.830000,0.337212,-0.454596,0.289351,0.736965,-0.673904,-0.027847,-0.044286,0.000000,2.000000,1.000000,-0.000000,0.000000
8.835000,0.337303,-0.453611,0.288675,0.737215,-0.673642,-0.027695,-0.044199,0.000000,2.000000,1.000000,-0.000000,0.000000
8.840000,0.337400,-0.452623,0.288000,0.737469,-0.673375,-0.027546,-0.044112,0.000000,2.000000,1.000000,0.000000,0.000000
8.845000,0.337503,-0.451633,0.287327,0.737727,-0.673105,-0.027400,-0.044027,0.000000,2.000000,1.000000,0.000000,0.000000
8.850000,0.337611,-0.450641,0.286655,0.737988,-0.672830,-0.027257,-0.043942,0.000000,2.000000,1.000000,0.000000,0.000000
8.855000,0.337726,-0.449648,0.285986,0.738253,-0.672550,-0.027115,-0.043859,0.000000,2.000000,1.000000,0.000000,0.000000
8.860000,0.337846,-0.448652,0.285318,0.738521,-0.672267,-0.026975,-0.043775,0.000000,2.000000,1.000000,0.000000,0.000000
8.865000,0.337973,-0.447655,0.284653,0.738792,-0.671979,-0.026836,-0.043693,0.000000,2.000000,1.000000,0.000000,0.000000
8.870000,0.338105,-0.446657,0.283991,0.739068,-0.671688,-0.026699,-0.043610,0.000000,2.000000,1.000000,0.000000,0.000000
8.875000,0.338243,-0.445657,0.283331,0.739346,-0.671392,-0.026564,-0.043528,0.000000,2.000000,1.000000,0.000000,0.000000
8.880000,0.338386,-0.444655,0.282675,0.739628,-0.671092,-0.026430,-0.043446,0.000000,2.000000,1.000000,0.000000,0.000000
8.885000,0.338535,-0.443653,0.282021,0.739913,-0.670788,-0.026297,-0.043364,0.000000,2.000000,1.000000,0.000000,0.000000
8.890000,0.338690,-0.442649,0.281371,0.740202,-0.670480,-0.026166,-0.043282,0.000000,2.000000,1.000000,0.000000,0.000000
8.895000,0.338850,-0.441644,0.280724,0.740494,-0.670167,-0.026036,-0.043201,0.000000,2.000000,1.000000,0.000000,0.000000
8.900000,0.339016,-0.440638,0.280081,0.740790,-0.669850,-0.025907,-0.043119,0.000000,2.000000,1.000000,0.000000,0.000000
8.905000,0.339187,-0.439630,0.279441,0.741090,-0.669529,-0.025780,-0.043038,0.000000,2.000000,1.000000,0.000000,0.000000
8.910000,0.339363,-0.438621,0.278805,0.741393,-0.669203,-0.025654,-0.042957,0.000000,2.000000,1.000000,0.000000,0.000000
8.915000,0.339544,-0.437612,0.278172,0.741700,-0.668873,-0.025529,-0.042876,0.000000,2.000000,1.000000,0.000000,0.000000
8.920000,0.339731,-0.436601,0.277544,0.742010,-0.668539,-0.025406,-0.042794,0.000000,2.000000,1.000000,0.000000,0.000000
8.925000,0.339922,-0.435589,0.276920,0.742324,-0.668200,-0.025283,-0.042714,0.000000,2.000000,1.000000,0.000000,0.000000
8.930000,0.340119,-0.434576,0.276299,0.742641,-0.667858,-0.025161,-0.042633,0.000000,2.000000,1.000000,0.000000,0.000000
8.935000,0.340320,-0.433562,0.275684,0.742962,-0.667510,-0.025041,-0.042552,0.000000,2.000000,1.000000,0.000000,0.000000
8.940000,0.340526,-0.432547,0.275072,0.743286,-0.667159,-0.024921,-0.042472,0.000000,2.000000,1.000000,0.000000,0.000000
8.945000,0.340737,-0.431531,0.274465,0.743613,-0.666803,-0.024802,-0.042392,0.000000,2.000000,1.000000,0.000000,0.000000
8.950000,0.340952,-0.430514,0.273862,0.743944,-0.666444,-0.024683,-0.042312,0.000000,2.000000,1.000000,0.000000,0.000000
8.955000,0.341172,-0.429496,0.273264,0.744278,-0.666080,-0.024566,-0.042232,0.000000,2.000000,1.000000,0.000000,0.000000
8.960000,0.341396,-0.428477,0.272670,0.744615,-0.665713,-0.024448,-0.042153,0.000000,2.000000,1.000000,0.000000,0.000000
8.965000,0.341624,-0.427458,0.272081,0.744955,-0.665342,-0.024331,-0.042073,0.000000,2.000000,1.000000,0.000000,0.000000
8.970000,0.341856,-0.426438,0.271497,0.745298,-0.664968,-0.024213,-0.041993,0.000000,2.000000,1.000000,0.000000,0.000000
8.975000,0.342093,-0.425418,0.270918,0.745643,-0.664589,-0.024096,-0.041914,0.000000,2.000000,1.000000,-0.000000,0.000000
8.980000,0.342333,-0.424397,0.270343,0.745991,-0.664208,-0.023979,-0.041835,0.000000,2.000000,1.000000,0.000000,0.000000
8.985000,0.342577,-0.423375,0.269773,0.746342,-0.663823,-0.023862,-0.041756,0.000000,2.000000,1.000000,0.000000,0.000000
8.990000,0.342824,-0.422352,0.269208,0.746696,-0.663434,-0.023746,-0.041677,0.000000,2.000000,1.000000,0.000000,0.000000
8.995000,0.343075,-0.421328,0.268648,0.747052,-0.663041,-0.023630,-0.041600,0.000000,2.000000,1.000000,0.000000,0.000000
9.000000,0.343329,-0.420304,0.268092,0.747411,-0.662646,-0.023514,-0.041522,0.000000,2.000000,1.000000,0.000000,0.000000
9.005000,0.343586,-0.419279,0.267541,0.747773,-0.662246,-0.023398,-0.041446,0.000000,2.000000,1.000000,0.000000,0.000000
9.010000,0.343845,-0.418253,0.266995,0.748137,-0.661844,-0.023284,-0.041370,0.000000,2.000000,1.000000,0.000000,0.000000
9.015000,0.344108,-0.417226,0.266453,0.748504,-0.661438,-0.023169,-0.041295,0.000000,2.000000,1.000000,0.000000,0.000000
9.020000,0.344373,-0.416198,0.265916,0.748873,-0.661029,-0.023055,-0.041220,0.000000,2.000000,1.000000,0.000000,0.000000
9.025000,0.344640,-0.415169,0.265383,0.749244,-0.660616,-0.022942,-0.041147,0.000000,2.000000,1.000000,0.000000,0.000000
9.030000,0.344910,-0.414139,0.264854,0.749618,-0.660200,-0.022829,-0.041074,0.000000,2.000000,1.000000,0.000000,0.000000
9.035000,0.345182,-0.413108,0.264330,0.749994,-0.659781,-0.022717,-0.041003,0.000000,2.000000,1.000000,0.000000,0.000000
9.040000,0.345455,-0.412076,0.263810,0.750373,-0.659359,-0.022605,-0.040932,0.000000,2.000000,1.000000,0.000000,0.000000
9.045000,0.345730,-0.411044,0.263294,0.750753,-0.658934,-0.022494,-0.040863,0.000000,2.000000,1.000000,0.000000,0.000000
9.050000,0.346006,-0.410010,0.262783,0.751136,-0.658505,-0.022384,-0.040794,0.000000,2.000000,1.000000,0.000000,0.000000
9.055000,0.346284,-0.408975,0.262275,0.751521,-0.658074,-0.022274,-0.040726,0.000000,2.000000,1.000000,0.000000,0.000000
9.060000,0.346562,-0.407939,0.261772,0.751908,-0.657640,-0.022166,-0.040658,0.000000,2.000000,1.000000,0.000000,0.000000
9.065000,0.346841,-0.406903,0.261273,0.752296,-0.657204,-0.022058,-0.040592,0.000000,2.000000,1.000000,-0.000000,0.000000
9.070000,0.347121,-0.405866,0.260777,0.752686,-0.656764,-0.021951,-0.040525,0.000000,2.000000,1.000000,0.000000,0.000000
9.075000,0.347401,-0.404827,0.260286,0.753078,-0.656322,-0.021844,-0.040460,0.000000,2.000000,1.000000,0.000000,0.000000
9.080000,0.347681,-0.403789,0.259798,0.753472,-0.655878,-0.021739,-0.040395,0.000000,2.000000,1.000000,-0.000000,0.000000
9.085000,0.347961,-0.402749,0.259315,0.753867,-0.655431,-0.021634,-0.040331,0.000000,2.000000,1.000000,0.000000,0.000000
9.090000,0.348240,-0.401708,0.258834,0.754264,-0.654981,-0.021532,-0.040268,0.000000,2.000000,1.000000,0.000000,0.000000
9.095000,0.348519,-0.400666,0.258358,0.754663,-0.654529,-0.021431,-0.040206,0.000000,2.000000,1.000000,0.000000,0.000000
9.100000,0.348797,-0.399623,0.257884,0.755064,-0.654074,-0.021332,-0.040145,0.000000,2.000000,1.000000,0.000000,0.000000
9.105000,0.349075,-0.398578,0.257414,0.755466,-0.653616,-0.021236,-0.040086,0.000000,2.000000,1.000000,0.000000,0.000000
9.110000,0.349351,-0.397532,0.256946,0.755870,-0.653155,-0.021142,-0.040028,0.000000,2.000000,1.000000,0.000000,0.000000
9.115000,0.349626,-0.396485,0.256482,0.756276,-0.652691,-0.021051,-0.039972,0.000000,2.000000,1.000000,0.000000,0.000000
9.120000,0.349900,-0.395436,0.256020,0.756683,-0.652225,-0.020962,-0.039917,0.000000,2.000000,1.000000,0.000000,0.000000
9.125000,0.350172,-0.394385,0.255561,0.757092,-0.651756,-0.020876,-0.039864,0.000000,2.000000,1.000000,0.000000,0.000000
9.130000,0.350443,-0.393333,0.255104,0.757503,-0.651285,-0.020793,-0.039813,0.000000,2.000000,1.000000,0.000000,0.000000
9.135000,0.350712,-0.392279,0.254650,0.757916,-0.650810,-0.020713,-0.039765,0.000000,2.000000,1.000000,0.000000,0.000000
9.140000,0.350978,-0.391224,0.254197,0.758330,-0.650333,-0.020637,-0.039718,0.000000,2.000000,1.000000,0.000000,0.000000
9.145000,0.351243,-0.390166,0.253747,0.758746,-0.649853,-0.020564,-0.039673,0.000000,2.000000,1.000000,0.000000,0.000000
9.150000,0.351506,-0.389107,0.253298,0.759163,-0.649370,-0.020494,-0.039631,0.000000,2.000000,1.000000,-0.000000,0.000000
9.155000,0.351767,-0.388046,0.252851,0.759582,-0.648884,-0.020429,-0.039590,0.000000,2.000000,1.000000,0.000000,0.000000
9.160000,0.352025,-0.386982,0.252406,0.760003,-0.648395,-0.020367,-0.039552,0.000000,2.000000,1.000000,0.000000,0.000000
9.165000,0.352281,-0.385917,0.251962,0.760425,-0.647904,-0.020309,-0.039516,0.000000,2.000000,1.000000,0.000000,0.000000
9.170000,0.352534,-0.384851,0.251519,0.760849,-0.647410,-0.020255,-0.039482,0.000000,2.000000,1.000000,0.000000,0.000000
9.175000,0.352785,-0.383782,0.251078,0.761274,-0.646914,-0.020205,-0.039450,0.000000,2.000000,1.000000,0.000000,0.000000
9.180000,0.353033,-0.382711,0.250637,0.761701,-0.646414,-0.020159,-0.039421,0.000000,2.000000,1.000000,0.000000,0.000000
9.185000,0.353279,-0.381639,0.250198,0.762129,-0.645912,-0.020116,-0.039394,0.000000,2.000000,1.000000,0.000000,0.000000
9.190000,0.353522,-0.380565,0.249760,0.762559,-0.645407,-0.020077,-0.039369,0.000000,2.000000,1.000000,0.000000,0.000000
9.195000,0.353763,-0.379489,0.249322,0.762991,-0.644899,-0.020042,-0.039346,0.000000,2.000000,1.000000,0.000000,0.000000
9.200000,0.354001,-0.378411,0.248885,0.763424,-0.644389,-0.020011,-0.039326,0.000000,2.000000,1.000000,0.000000,0.000000
9.205000,0.354237,-0.377332,0.248449,0.763859,-0.643875,-0.019983,-0.039308,0.000000,2.000000,1.000000,0.000000,0.000000
9.210000,0.354471,-0.376251,0.248014,0.764295,-0.643359,-0.019959,-0.039293,0.000000,2.000000,1.000000,0.000000,0.000000
9.215000,0.354702,-0.375168,0.247579,0.764733,-0.642840,-0.019939,-0.039279,0.000000,2.000000,1.000000,0.000000,0.000000
9.220000,0.354931,-0.374084,0.247144,0.765172,-0.642318,-0.019922,-0.039269,0.000000,2.000000,1.000000,0.000000,0.000000
9.225000,0.355158,-0.372998,0.246711,0.765613,-0.641793,-0.019908,-0.039260,0.000000,2.000000,1.000000,0.000000,0.000000
9.230000,0.355383,-0.371910,0.246277,0.766056,-0.641266,-0.019897,-0.039255,0.000000,2.000000,1.000000,0.000000,0.000000
9.235000,0.355607,-0.370822,0.245844,0.766500,-0.640735,-0.019888,-0.039251,0.000000,2.000000,1.000000,0.000000,0.000000
9.240000,0.355829,-0.369731,0.245412,0.766947,-0.640201,-0.019883,-0.039251,0.000000,2.000000,1.000000,0.000000,0.000000
9.245000,0.356049,-0.368640,0.244980,0.767394,-0.639664,-0.019880,-0.039253,0.000000,2.000000,1.000000,0.000000,0.000000
9.250000,0.356268,-0.367547,0.244548,0.767844,-0.639124,-0.019879,-0.039258,0.000000,2.000000,1.000000,-0.000000,0.000000
9.255000,0.356487,-0.366452,0.244117,0.768295,-0.638581,-0.019881,-0.039265,0.000000,2.000000,1.000000,0.000000,0.000000
9.260000,0.356704,-0.365357,0.243686,0.768748,-0.638035,-0.019885,-0.039275,0.000000,2.000000,1.000000,0.000000,0.000000
9.265000,0.356921,-0.364261,0.243256,0.769203,-0.637486,-0.019890,-0.039287,0.000000,2.000000,1.000000,0.000000,0.000000
9.270000,0.357137,-0.363163,0.242827,0.769659,-0.636934,-0.019897,-0.039301,0.000000,2.000000,1.000000,0.000000,0.000000
9.275000,0.357353,-0.362065,0.242397,0.770117,-0.636378,-0.019905,-0.039318,0.000000,2.000000,1.000000,0.000000,0.000000
9.280000,0.357568,-0.360965,0.241969,0.770577,-0.635820,-0.019914,-0.039338,0.000000,2.000000,1.000000,0.000000,0.000000
9.285000,0.357784,-0.359865,0.241541,0.771039,-0.635258,-0.019925,-0.039359,0.000000,2.000000,1.000000,0.000000,0.000000
9.290000,0.358000,-0.358764,0.241114,0.771502,-0.634694,-0.019936,-0.039383,0.000000,2.000000,1.000000,0.000000,0.000000
9.295000,0.358216,-0.357663,0.240687,0.771967,-0.634126,-0.019949,-0.039409,0.000000,2.000000,1.000000,0.000000,0.000000
9.300000,0.358433,-0.356561,0.240262,0.772434,-0.633555,-0.019962,-0.039437,0.000000,2.000000,1.000000,0.000000,0.000000
9.305000,0.358650,-0.355459,0.239837,0.772902,-0.632982,-0.019975,-0.039467,0.000000,2.000000,1.000000,0.000000,0.000000
9.310000,0.358869,-0.354356,0.239413,0.773372,-0.632405,-0.019988,-0.039499,0.000000,2.000000,1.000000,0.000000,0.000000
9.315000,0.359088,-0.353253,0.238990,0.773843,-0.631825,-0.020002,-0.039532,0.000000,2.000000,1.000000,0.000000,0.000000
9.320000,0.359308,-0.352149,0.238568,0.774317,-0.631243,-0.020017,-0.039568,0.000000,2.000000,1.000000,0.000000,0.000000
9.325000,0.359529,-0.351046,0.238147,0.774791,-0.630657,-0.020032,-0.039605,0.000000,2.000000,1.000000,0.000000,0.000000
9.330000,0.359752,-0.349942,0.237727,0.775268,-0.630068,-0.020047,-0.039644,0.000000,2.000000,1.000000,0.000000,0.000000
9.335000,0.359976,-0.348837,0.237308,0.775746,-0.629477,-0.020063,-0.039685,0.000000,2.000000,1.000000,0.000000,0.000000
9.340000,0.360202,-0.347733,0.236890,0.776225,-0.628882,-0.020080,-0.039727,0.000000,2.000000,1.000000,-0.000000,0.000000
9.345000,0.360429,-0.346628,0.236473,0.776707,-0.628284,-0.020098,-0.039771,0.000000,2.000000,1.000000,0.000000,0.000000
9.350000,0.360657,-0.345522,0.236057,0.777189,-0.627684,-0.020116,-0.039817,0.000000,2.000000,1.000000,0.000000,0.000000
9.355000,0.360887,-0.344417,0.235642,0.777673,-0.627080,-0.020136,-0.039864,0.000000,2.000000,1.000000,0.000000,0.000000
9.360000,0.361119,-0.343311,0.235229,0.778159,-0.626474,-0.020156,-0.039912,0.000000,2.000000,1.000000,0.000000,0.000000
9.365000,0.361352,-0.342206,0.234817,0.778646,-0.625865,-0.020177,-0.039962,0.000000,2.000000,1.000000,0.000000,0.000000
9.370000,0.361587,-0.341100,0.234408,0.779134,-0.625253,-0.020199,-0.040012,0.000000,2.000000,1.000000,0.000000,0.000000
9.375000,0.361823,-0.339995,0.234000,0.779623,-0.624639,-0.020221,-0.040064,0.000000,2.000000,1.000000,0.000000,0.000000
9.380000,0.362061,-0.338889,0.233595,0.780113,-0.624023,-0.020244,-0.040116,0.000000,2.000000,1.000000,0.000000,0.000000
9.385000,0.362299,-0.337784,0.233193,0.780605,-0.623403,-0.020268,-0.040168,0.000000,2.000000,1.000000,0.000000,0.000000
9.390000,0.362540,-0.336678,0.232793,0.781097,-0.622782,-0.020293,-0.040222,0.000000,2.000000,1.000000,0.000000,0.000000
9.395000,0.362781,-0.335573,0.232396,0.781591,-0.622158,-0.020318,-0.040276,0.000000,2.000000,1.000000,0.000000,0.000000
9.400000,0.363024,-0.334468,0.232001,0.782086,-0.621531,-0.020345,-0.040330,0.000000,2.000000,1.000000,0.000000,0.000000
9.405000,0.363269,-0.333363,0.231610,0.782582,-0.620903,-0.020372,-0.040384,0.000000,2.000000,1.000000,0.000000,0.000000
9.410000,0.363514,-0.332258,0.231221,0.783079,-0.620271,-0.020400,-0.040439,0.000000,2.000000,1.000000,0.000000,0.000000
9.415000,0.363761,-0.331154,0.230835,0.783577,-0.619637,-0.020430,-0.040495,0.000000,2.000000,1.000000,-0.000000,0.000000
9.420000,0.364010,-0.330049,0.230452,0.784076,-0.619001,-0.020460,-0.040550,0.000000,2.000000,1.000000,0.000000,0.000000
9.425000,0.364260,-0.328945,0.230072,0.784576,-0.618362,-0.020491,-0.040606,0.000000,2.000000,1.000000,0.000000,0.000000
9.430000,0.364511,-0.327842,0.229695,0.785077,-0.617721,-0.020524,-0.040662,0.000000,2.000000,1.000000,0.000000,0.000000
9.435000,0.364763,-0.326738,0.229321,0.785579,-0.617078,-0.020558,-0.040718,0.000000,2.000000,1.000000,0.000000,0.000000
9.440000,0.365016,-0.325635,0.228950,0.786082,-0.616432,-0.020594,-0.040775,0.000000,2.000000,1.000000,0.000000,0.000000
9.445000,0.365271,-0.324532,0.228581,0.786586,-0.615784,-0.020632,-0.040831,0.000000,2.000000,1.000000,0.000000,0.000000
9.450000,0.365527,-0.323430,0.228216,0.787090,-0.615134,-0.020671,-0.040887,0.000000,2.000000,1.000000,0.000000,0.000000
9.455000,0.365784,-0.322327,0.227854,0.787596,-0.614481,-0.020713,-0.040944,0.000000,2.000000,1.000000,0.000000,0.000000
9.460000,0.366042,-0.321226,0.227494,0.788102,-0.613827,-0.020756,-0.041000,0.000000,2.000000,1.000000,0.000000,0.000000
9.465000,0.366301,-0.320124,0.227138,0.788609,-0.613170,-0.020801,-0.041057,0.000000,2.000000,1.000000,0.000000,0.000000
9.470000,0.366561,-0.319024,0.226785,0.789117,-0.612511,-0.020847,-0.041113,0.000000,2.000000,1.000000,0.000000,0.000000
9.475000,0.366822,-0.317924,0.226435,0.789625,-0.611850,-0.020895,-0.041168,0.000000,2.000000,1.000000,0.000000,0.000000
9.480000,0.367084,-0.316825,0.226088,0.790135,-0.611187,-0.020945,-0.041224,0.000000,2.000000,1.000000,0.000000,0.000000
9.485000,0.367347,-0.315726,0.225743,0.790644,-0.610522,-0.020997,-0.041279,0.000000,2.000000,1.000000,0.000000,0.000000
9.490000,0.367611,-0.314629,0.225402,0.791155,-0.609855,-0.021050,-0.041334,0.000000,2.000000,1.000000,0.000000,0.000000
9.495000,0.367876,-0.313533,0.225065,0.791665,-0.609186,-0.021104,-0.041388,0.000000,2.000000,1.000000,0.000000,0.000000
9.500000,0.368141,-0.312438,0.224730,0.792177,-0.608515,-0.021160,-0.041441,0.000000,2.000000,1.000000,0.000000,0.000000
9.505000,0.368408,-0.311344,0.224398,0.792689,-0.607843,-0.021218,-0.041494,0.000000,2.000000,1.000000,0.000000,0.000000
9.510000,0.368676,-0.310251,0.224070,0.793201,-0.607168,-0.021276,-0.041547,0.000000,2.000000,1.000000,0.000000,0.000000
9.515000,0.368944,-0.309160,0.223745,0.793714,-0.606492,-0.021336,-0.041598,0.000000,2.000000,1.000000,0.000000,0.000000
9.520000,0.369214,-0.308070,0.223423,0.794227,-0.605814,-0.021397,-0.041649,0.000000,2.000000,1.000000,0.000000,0.000000
9.525000,0.369484,-0.306982,0.223104,0.794741,-0.605134,-0.021460,-0.041700,0.000000,2.000000,1.000000,0.000000,0.000000
9.530000,0.369755,-0.305895,0.222788,0.795255,-0.604453,-0.021524,-0.041750,0.000000,2.000000,1.000000,0.000000,0.000000
9.535000,0.370026,-0.304810,0.222475,0.795769,-0.603770,-0.021590,-0.041798,0.000000,2.000000,1.000000,0.000000,0.000000
9.540000,0.370298,-0.303726,0.222166,0.796284,-0.603085,-0.021657,-0.041847,0.000000,2.000000,1.000000,0.000000,0.000000
9.545000,0.370570,-0.302644,0.221859,0.796799,-0.602399,-0.021727,-0.041894,0.000000,2.000000,1.000000,0.000000,0.000000
9.550000,0.370842,-0.301564,0.221556,0.797314,-0.601711,-0.021799,-0.041941,0.000000,2.000000,1.000000,-0.000000,0.000000
9.555000,0.371114,-0.300485,0.221255,0.797829,-0.601022,-0.021872,-0.041987,0.000000,2.000000,1.000000,0.000000,0.000000
9.560000,0.371387,-0.299408,0.220957,0.798344,-0.600332,-0.021948,-0.042032,0.000000,2.000000,1.000000,0.000000,0.000000
9.565000,0.371659,-0.298333,0.220662,0.798860,-0.599640,-0.022027,-0.042077,0.000000,2.000000,1.000000,0.000000,0.000000
9.570000,0.371931,-0.297260,0.220370,0.799375,-0.598946,-0.022108,-0.042121,0.000000,2.000000,1.000000,-0.000000,0.000000
9.575000,0.372203,-0.296188,0.220081,0.799891,-0.598251,-0.022193,-0.042164,0.000000,2.000000,1.000000,0.000000,0.000000
9.580000,0.372474,-0.295117,0.219794,0.800406,-0.597555,-0.022281,-0.042207,0.000000,2.000000,1.000000,0.000000,0.000000
9.585000,0.372744,-0.294049,0.219510,0.800922,-0.596858,-0.022372,-0.042250,0.000000,2.000000,1.000000,0.000000,0.000000
9.590000,0.373014,-0.292981,0.219229,0.801437,-0.596159,-0.022466,-0.042292,0.000000,2.000000,1.000000,0.000000,0.000000
9.595000,0.373283,-0.291916,0.218950,0.801953,-0.595458,-0.022564,-0.042334,0.000000,2.000000,1.000000,0.000000,0.000000
9.600000,0.373552,-0.290852,0.218674,0.802468,-0.594756,-0.022665,-0.042376,0.000000,2.000000,1.000000,0.000000,0.000000
9.605000,0.373819,-0.289790,0.218400,0.802984,-0.594053,-0.022771,-0.042417,0.000000,2.000000,1.000000,0.000000,0.000000
9.610000,0.374086,-0.288730,0.218129,0.803499,-0.593349,-0.022880,-0.042458,0.000000,2.000000,1.000000,0.000000,0.000000
9.615000,0.374351,-0.287671,0.217860,0.804015,-0.592643,-0.022993,-0.042498,0.000000,2.000000,1.000000,0.000000,0.000000
9.620000,0.374616,-0.286614,0.217593,0.804530,-0.591935,-0.023110,-0.042539,0.000000,2.000000,1.000000,0.000000,0.000000
9.625000,0.374879,-0.285558,0.217329,0.805046,-0.591227,-0.023231,-0.042579,0.000000,2.000000,1.000000,0.000000,0.000000
9.630000,0.375142,-0.284504,0.217066,0.805561,-0.590516,-0.023357,-0.042620,0.000000,2.000000,1.000000,-0.000000,0.000000
9.635000,0.375403,-0.283452,0.216806,0.806076,-0.589805,-0.023486,-0.042660,0.000000,2.000000,1.000000,0.000000,0.000000
9.640000,0.375663,-0.282402,0.216548,0.806591,-0.589092,-0.023619,-0.042699,0.000000,2.000000,1.000000,0.000000,0.000000
9.645000,0.375921,-0.281355,0.216292,0.807106,-0.588378,-0.023756,-0.042739,0.000000,2.000000,1.000000,0.000000,0.000000
9.650000,0.376179,-0.280309,0.216038,0.807620,-0.587663,-0.023897,-0.042777,0.000000,2.000000,1.000000,0.000000,0.000000
9.655000,0.376435,-0.279265,0.215786,0.808135,-0.586947,-0.024041,-0.042816,0.000000,2.000000,1.000000,0.000000,0.000000
9.660000,0.376691,-0.278224,0.215536,0.808649,-0.586230,-0.024189,-0.042854,0.000000,2.000000,1.000000,0.000000,0.000000
9.665000,0.376945,-0.277185,0.215288,0.809163,-0.585511,-0.024339,-0.042890,0.000000,2.000000,1.000000,0.000000,0.000000
9.670000,0.377197,-0.276150,0.215042,0.809677,-0.584792,-0.024492,-0.042925,0.000000,2.000000,1.000000,0.000000,0.000000
9.675000,0.377449,-0.275118,0.214797,0.810190,-0.584071,-0.024648,-0.042959,0.000000,2.000000,1.000000,0.000000,0.000000
9.680000,0.377700,-0.274089,0.214554,0.810703,-0.583350,-0.024804,-0.042990,0.000000,2.000000,1.000000,-0.000000,0.000000
9.685000,0.377950,-0.273063,0.214314,0.811216,-0.582627,-0.024963,-0.043020,0.000000,2.000000,1.000000,0.000000,0.000000
9.690000,0.378199,-0.272041,0.214074,0.811729,-0.581904,-0.025123,-0.043049,0.000000,2.000000,1.000000,0.000000,0.000000
9.695000,0.378447,-0.271022,0.213836,0.812241,-0.581179,-0.025284,-0.043075,0.000000,2.000000,1.000000,0.000000,0.000000
9.700000,0.378694,-0.270007,0.213600,0.812754,-0.580454,-0.025446,-0.043101,0.000000,2.000000,1.000000,-0.000000,0.000000
9.705000,0.378940,-0.268995,0.213365,0.813265,-0.579727,-0.025610,-0.043125,0.000000,2.000000,1.000000,0.000000,0.000000
9.710000,0.379186,-0.267987,0.213131,0.813777,-0.579000,-0.025775,-0.043147,0.000000,2.000000,1.000000,0.000000,0.000000
9.715000,0.379430,-0.266982,0.212899,0.814288,-0.578272,-0.025941,-0.043169,0.000000,2.000000,1.000000,0.000000,0.000000
9.720000,0.379674,-0.265981,0.212668,0.814799,-0.577542,-0.026108,-0.043189,0.000000,2.000000,1.000000,0.000000,0.000000
9.725000,0.379917,-0.264983,0.212438,0.815310,-0.576812,-0.026277,-0.043209,0.000000,2.000000,1.000000,-0.000000,0.000000
9.730000,0.380159,-0.263989,0.212209,0.815820,-0.576081,-0.026446,-0.043227,0.000000,2.000000,1.000000,0.000000,0.000000
9.735000,0.380400,-0.262999,0.211982,0.816330,-0.575350,-0.026617,-0.043245,0.000000,2.000000,1.000000,0.000000,0.000000
9.740000,0.380640,-0.262012,0.211755,0.816839,-0.574618,-0.026789,-0.043261,0.000000,2.000000,1.000000,0.000000,0.000000
9.745000,0.380880,-0.261030,0.211530,0.817347,-0.573885,-0.026961,-0.043277,0.000000,2.000000,1.000000,0.000000,0.000000
9.750000,0.381118,-0.260051,0.211306,0.817854,-0.573153,-0.027135,-0.043291,0.000000,2.000000,1.000000,0.000000,0.000000
9.755000,0.381355,-0.259076,0.211083,0.818361,-0.572420,-0.027310,-0.043304,0.000000,2.000000,1.000000,0.000000,0.000000
9.760000,0.381591,-0.258105,0.210862,0.818867,-0.571686,-0.027485,-0.043316,0.000000,2.000000,1.000000,0.000000,0.000000
9.765000,0.381826,-0.257138,0.210641,0.819372,-0.570953,-0.027662,-0.043328,0.000000,2.000000,1.000000,0.000000,0.000000
9.770000,0.382060,-0.256175,0.210422,0.819876,-0.570220,-0.027839,-0.043338,0.000000,2.000000,1.000000,0.000000,0.000000
9.775000,0.382293,-0.255217,0.210204,0.820378,-0.569488,-0.028018,-0.043346,0.000000,2.000000,1.000000,0.000000,0.000000
9.780000,0.382524,-0.254263,0.209988,0.820879,-0.568756,-0.028196,-0.043354,0.000000,2.000000,1.000000,0.000000,0.000000
9.785000,0.382754,-0.253315,0.209773,0.821379,-0.568025,-0.028375,-0.043359,0.000000,2.000000,1.000000,0.000000,0.000000
9.790000,0.382982,-0.252371,0.209560,0.821877,-0.567294,-0.028555,-0.043364,0.000000,2.000000,1.000000,0.000000,0.000000
9.795000,0.383208,-0.251432,0.209348,0.822373,-0.566565,-0.028735,-0.043366,0.000000,2.000000,1.000000,0.000000,0.000000
9.800000,0.383433,-0.250498,0.209137,0.822868,-0.565836,-0.028916,-0.043368,0.000000,2.000000,1.000000,0.000000,0.000000
9.805000,0.383657,-0.249570,0.208929,0.823362,-0.565109,-0.029096,-0.043368,0.000000,2.000000,1.000000,0.000000,0.000000
9.810000,0.383878,-0.248647,0.208722,0.823853,-0.564383,-0.029277,-0.043366,0.000000,2.000000,1.000000,0.000000,0.000000
9.815000,0.384098,-0.247730,0.208517,0.824343,-0.563658,-0.029457,-0.043362,0.000000,2.000000,1.000000,0.000000,0.000000
9.820000,0.384316,-0.246819,0.208314,0.824831,-0.562935,-0.029637,-0.043357,0.000000,2.000000,1.000000,0.000000,0.000000
9.825000,0.384532,-0.245914,0.208113,0.825317,-0.562213,-0.029817,-0.043349,0.000000,2.000000,1.000000,0.000000,0.000000
9.830000,0.384747,-0.245015,0.207913,0.825801,-0.561492,-0.029997,-0.043341,0.000000,2.000000,1.000000,0.000000,0.000000
9.835000,0.384959,-0.244123,0.207716,0.826284,-0.560774,-0.030177,-0.043330,0.000000,2.000000,1.000000,0.000000,0.000000
9.840000,0.385169,-0.243237,0.207521,0.826763,-0.560057,-0.030356,-0.043317,0.000000,2.000000,1.000000,0.000000,0.000000
9.845000,0.385377,-0.242357,0.207328,0.827241,-0.559343,-0.030535,-0.043302,0.000000,2.000000,1.000000,0.000000,0.000000
9.850000,0.385583,-0.241485,0.207137,0.827717,-0.558631,-0.030714,-0.043286,0.000000,2.000000,1.000000,0.000000,0.000000
9.855000,0.385787,-0.240619,0.206948,0.828190,-0.557920,-0.030892,-0.043267,0.000000,2.000000,1.000000,0.000000,0.000000
9.860000,0.385988,-0.239760,0.206761,0.828661,-0.557212,-0.031070,-0.043246,0.000000,2.000000,1.000000,0.000000,0.000000
9.865000,0.386187,-0.238908,0.206576,0.829130,-0.556506,-0.031248,-0.043224,0.000000,2.000000,1.000000,0.000000,0.000000
9.870000,0.386384,-0.238064,0.206394,0.829596,-0.555802,-0.031425,-0.043200,0.000000,2.000000,1.000000,0.000000,0.000000
9.875000,0.386577,-0.237227,0.206213,0.830060,-0.555101,-0.031603,-0.043174,0.000000,2.000000,1.000000,0.000000,0.000000
9.880000,0.386768,-0.236397,0.206034,0.830521,-0.554403,-0.031780,-0.043145,0.000000,2.000000,1.000000,0.000000,0.000000
9.885000,0.386956,-0.235575,0.205857,0.830980,-0.553707,-0.031957,-0.043115,0.000000,2.000000,1.000000,0.000000,0.000000
9.890000,0.387141,-0.234761,0.205683,0.831436,-0.553015,-0.032134,-0.043083,0.000000,2.000000,1.000000,0.000000,0.000000
9.895000,0.387324,-0.233954,0.205509,0.831890,-0.552324,-0.032311,-0.043050,0.000000,2.000000,1.000000,0.000000,0.000000
9.900000,0.387503,-0.233156,0.205338,0.832341,-0.551637,-0.032488,-0.043015,0.000000,2.000000,1.000000,0.000000,0.000000
9.905000,0.387679,-0.232365,0.205169,0.832789,-0.550953,-0.032665,-0.042978,0.000000,2.000000,1.000000,0.000000,0.000000
9.910000,0.387853,-0.231582,0.205001,0.833234,-0.550271,-0.032842,-0.042940,0.000000,2.000000,1.000000,0.000000,0.000000
9.915000,0.388023,-0.230807,0.204835,0.833677,-0.549593,-0.033019,-0.042900,0.000000,2.000000,1.000000,0.000000,0.000000
9.920000,0.388190,-0.230040,0.204670,0.834116,-0.548918,-0.033196,-0.042860,0.000000,2.000000,1.000000,0.000000,0.000000
9.925000,0.388354,-0.229282,0.204507,0.834553,-0.548246,-0.033373,-0.042818,0.000000,2.000000,1.000000,0.000000,0.000000
9.930000,0.388514,-0.228531,0.204346,0.834988,-0.547577,-0.033549,-0.042775,0.000000,2.000000,1.000000,0.000000,0.000000
9.935000,0.388672,-0.227789,0.204186,0.835419,-0.546911,-0.033726,-0.042732,0.000000,2.000000,1.000000,0.000000,0.000000
9.940000,0.388826,-0.227055,0.204027,0.835848,-0.546248,-0.033903,-0.042688,0.000000,2.000000,1.000000,0.000000,0.000000
9.945000,0.388978,-0.226329,0.203869,0.836273,-0.545589,-0.034080,-0.042643,0.000000,2.000000,1.000000,0.000000,0.000000
9.950000,0.389126,-0.225612,0.203713,0.836696,-0.544933,-0.034256,-0.042597,0.000000,2.000000,1.000000,0.000000,0.000000
9.955000,0.389271,-0.224903,0.203558,0.837115,-0.544281,-0.034433,-0.042551,0.000000,2.000000,1.000000,0.000000,0.000000
9.960000,0.389413,-0.224203,0.203405,0.837532,-0.543632,-0.034609,-0.042505,0.000000,2.000000,1.000000,0.000000,0.000000
9.965000,0.389553,-0.223512,0.203252,0.837946,-0.542987,-0.034784,-0.042459,0.000000,2.000000,1.000000,0.000000,0.000000
9.970000,0.389689,-0.222829,0.203101,0.838356,-0.542345,-0.034960,-0.042412,0.000000,2.000000,1.000000,0.000000,0.000000
9.975000,0.389823,-0.222154,0.202950,0.838764,-0.541707,-0.035134,-0.042367,0.000000,2.000000,1.000000,-0.000000,0.000000
9.980000,0.389955,-0.221488,0.202801,0.839168,-0.541072,-0.035307,-0.042322,0.000000,2.000000,1.000000,-0.000000,0.000000
9.985000,0.390084,-0.220832,0.202653,0.839569,-0.540442,-0.035479,-0.042277,0.000000,2.000000,1.000000,0.000000,0.000000
9.990000,0.390211,-0.220183,0.202506,0.839967,-0.539815,-0.035650,-0.042233,0.000000,2.000000,1.000000,0.000000,0.000000
9.995000,0.390335,-0.219544,0.202360,0.840362,-0.539193,-0.035820,-0.042191,0.000000,2.000000,1.000000,0.000000,0.000000
10.000000,0.390457,-0.218914,0.202214,0.840754,-0.538574,-0.035989,-0.042149,0.000000,2.000000,1.000000,0.000000,0.000000
10.005000,0.390577,-0.218292,0.202070,0.841142,-0.537959,-0.036156,-0.042108,0.000000,2.000000,1.000000,0.000000,0.000000
10.010000,0.390695,-0.217679,0.201926,0.841528,-0.537347,-0.036323,-0.042068,0.000000,2.000000,1.000000,0.000000,0.000000
10.015000,0.390810,-0.217075,0.201783,0.841910,-0.536740,-0.036489,-0.042029,0.000000,2.000000,1.000000,0.000000,0.000000
10.020000,0.390923,-0.216480,0.201640,0.842290,-0.536136,-0.036654,-0.041991,0.000000,2.000000,1.000000,0.000000,0.000000
10.025000,0.391035,-0.215893,0.201498,0.842666,-0.535536,-0.036818,-0.041954,0.000000,2.000000,1.000000,0.000000,0.000000
10.030000,0.391144,-0.215316,0.201357,0.843039,-0.534939,-0.036982,-0.041919,0.000000,2.000000,1.000000,0.000000,0.000000
10.035000,0.391252,-0.214746,0.201216,0.843410,-0.534346,-0.037145,-0.041884,0.000000,2.000000,1.000000,0.000000,0.000000
10.040000,0.391357,-0.214186,0.201075,0.843778,-0.533756,-0.037307,-0.041851,0.000000,2.000000,1.000000,0.000000,0.000000
10.045000,0.391462,-0.213634,0.200935,0.844143,-0.533170,-0.037469,-0.041820,0.000000,2.000000,1.000000,0.000000,0.000000
10.050000,0.391564,-0.213090,0.200795,0.844505,-0.532587,-0.037630,-0.041790,0.000000,2.000000,1.000000,0.000000,0.000000
10.055000,0.391666,-0.212555,0.200656,0.844865,-0.532007,-0.037790,-0.041762,0.000000,2.000000,1.000000,-0.000000,0.000000
10.060000,0.391766,-0.212028,0.200517,0.845222,-0.531430,-0.037950,-0.041735,0.000000,2.000000,1.000000,0.000000,0.000000
10.065000,0.391865,-0.211510,0.200379,0.845576,-0.530856,-0.038109,-0.041709,0.000000,2.000000,1.000000,0.000000,0.000000
10.070000,0.391963,-0.210999,0.200241,0.845928,-0.530286,-0.038268,-0.041686,0.000000,2.000000,1.000000,0.000000,0.000000
10.075000,0.392061,-0.210497,0.200103,0.846278,-0.529718,-0.038427,-0.041664,0.000000,2.000000,1.000000,0.000000,0.000000
10.080000,0.392158,-0.210002,0.199966,0.846625,-0.529153,-0.038584,-0.041644,0.000000,2.000000,1.000000,0.000000,0.000000
10.085000,0.392255,-0.209516,0.199830,0.846970,-0.528592,-0.038741,-0.041626,0.000000,2.000000,1.000000,0.000000,0.000000
10.090000,0.392351,-0.209038,0.199694,0.847312,-0.528033,-0.038897,-0.041609,0.000000,2.000000,1.000000,0.000000,0.000000
10.095000,0.392448,-0.208567,0.199559,0.847652,-0.527477,-0.039052,-0.041594,0.000000,2.000000,1.000000,0.000000,0.000000
10.100000,0.392544,-0.208104,0.199425,0.847989,-0.526923,-0.039207,-0.041581,0.000000,2.000000,1.000000,0.000000,0.000000
10.105000,0.392641,-0.207649,0.199292,0.848325,-0.526373,-0.039360,-0.041570,0.000000,2.000000,1.000000,0.000000,0.000000
10.110000,0.392739,-0.207201,0.199159,0.848658,-0.525825,-0.039513,-0.041560,0.000000,2.000000,1.000000,0.000000,0.000000
10.115000,0.392837,-0.206761,0.199028,0.848989,-0.525279,-0.039664,-0.041553,0.000000,2.000000,1.000000,0.000000,0.000000
10.120000,0.392936,-0.206328,0.198897,0.849318,-0.524736,-0.039815,-0.041548,0.000000,2.000000,1.000000,0.000000,0.000000
10.125000,0.393037,-0.205902,0.198768,0.849644,-0.524196,-0.039965,-0.041544,0.000000,2.000000,1.000000,0.000000,0.000000
10.130000,0.393138,-0.205483,0.198639,0.849969,-0.523658,-0.040113,-0.041543,0.000000,2.000000,1.000000,0.000000,0.000000
10.135000,0.393240,-0.205072,0.198511,0.850291,-0.523123,-0.040261,-0.041543,0.000000,2.000000,1.000000,0.000000,0.000000
10.137500,0.393303,-0.204828,0.198436,0.850484,-0.522804,-0.040349,-0.041544,0.000000,2.000000,1.000000,0.000000,0.000000
